200
368 380
16 74
118 280
232 38
114 81
97 396
81 248
170 230
85 259
35 384
28 184
131 216
174 78
68 273
348 21
335 405
64 108
279 286
69 475
339 345
239 97
146 53
226 143
34 35
252 50
430 65
436 30
450 240
90 4
220 286
265 76
219 475
340 82
272 161
282 365
9 295
371 425
374 404
207 77
185 47
87 31
402 225
94 197
172 34
255 403
65 380
372 443
447 387
241 13
423 404
27 194
270 437
23 413
31 213
367 249
208 245
396 19
255 225
114 255
412 114
498 16
478 66
498 497
205 121
388 22
481 4
66 437
118 195
322 17
440 276
66 153
227 64
384 357
264 242
392 77
162 313
191 313
144 463
60 319
487 459
476 111
458 326
297 375
279 326
104 289
488 166
79 116
401 35
476 453
33 168
487 158
89 417
214 470
412 398
272 69
47 108
434 232
178 108
19 345
152 48
484 477
201 410
468 470
242 443
490 495
226 369
361 485
258 200
55 2
315 339
351 192
195 74
133 483
357 341
155 347
288 154
179 269
423 84
127 415
63 111
153 274
478 301
57 154
428 230
5 464
13 222
24 270
195 148
147 62
199 71
481 98
295 495
91 400
376 11
390 428
40 60
6 472
298 50
119 345
244 159
187 366
105 376
373 368
211 246
262 358
8 244
217 409
125 44
312 380
414 440
365 207
355 421
401 243
425 246
483 34
68 162
213 355
405 490
50 182
175 213
444 270
49 324
148 426
178 273
174 87
371 257
229 25
134 68
495 202
242 368
379 15
373 91
120 294
373 436
76 169
86 302
439 338
232 291
152 433
287 356
164 470
499 175
172 192
401 477
196 264
319 201
66 120
62 248
492 323
456 158
159 418
94 216
190 86
184 198
40 231
343 5
238 136
455 389
311 61
65 120