500
435 398
92 258
122 127
472 410
211 359
244 224
392 410
309 173
187 191
216 281
255 121
332 401
215 122
58 306
490 76
230 217
150 176
78 218
187 244
22 275
151 144
277 79
270 204
54 130
389 447
75 498
83 276
447 126
170 93
458 213
379 74
467 461
478 231
45 289
124 468
173 33
482 244
82 66
119 201
224 262
355 353
299 55
146 16
299 184
185 99
323 361
390 354
9 281
473 179
394 226
278 159
186 36
54 255
429 213
73 284
232 478
245 185
346 486
294 256
446 246
365 315
499 163
234 478
78 353
21 54
262 18
175 242
340 280
499 353
408 76
52 408
60 373
345 64
265 323
236 52
180 51
76 423
238 130
485 429
239 88
215 19
309 79
362 347
365 22
403 479
437 43
4 345
391 65
299 172
355 453
124 67
89 337
354 404
322 50
58 353
144 155
30 56
21 253
153 113
382 404
334 84
51 148
97 45
369 102
175 225
256 347
435 226
199 385
410 122
493 246
221 498
215 325
50 108
193 220
221 457
359 135
9 216
1 41
237 416
288 446
123 224
0 415
234 197
1 138
1 423
113 474
187 226
379 464
11 392
180 87
58 54
422 21
239 360
424 33
338 381
33 217
408 414
154 362
272 357
139 364
414 277
455 416
498 37
423 41
411 279
351 425
71 483
8 114
472 170
229 251
416 434
149 138
218 234
42 358
29 348
378 375
365 259
308 209
131 488
382 335
256 132
79 245
323 129
172 285
339 28
388 336
402 157
159 109
306 116
35 486
432 247
242 434
125 453
254 358
123 4
230 141
281 119
108 48
448 154
255 479
147 144
338 85
240 248
92 314
401 21
272 52
74 481
259 69
229 399
153 209
33 46
458 14
179 135
63 128
376 266
270 428
495 157
395 466
185 385
298 280
11 225
253 45
20 71
100 85
219 431
186 179
84 390
135 418
11 362
475 58
43 33
228 349
73 383
87 106
443 33
198 201
151 133
497 361
295 169
32 409
254 481
97 387
375 42
12 107
373 288
174 171
308 194
379 280
195 431
461 490
147 201
390 174
10 192
140 51
181 323
382 198
6 356
269 108
423 160
321 59
389 360
159 218
469 40
344 392
213 347
76 168
349 102
247 444
292 24
296 407
444 419
323 493
334 345
491 178
466 254
387 418
87 436
392 423
368 457
144 211
219 496
338 225
105 85
105 21
310 270
317 8
72 82
184 170
98 388
219 304
338 250
0 410
141 249
440 402
221 445
73 107
369 314
406 1
274 146
78 179
253 349
117 492
94 32
418 286
263 327
70 236
344 125
463 430
481 347
331 44
228 387
238 172
278 498
144 252
329 24
480 403
79 331
416 294
243 280
4 179
467 305
439 78
62 107
7 454
381 250
76 65
134 262
447 475
481 299
379 256
70 200
237 153
72 86
83 378
137 194
159 50
489 465
161 207
70 22
262 130
95 234
83 356
253 165
200 120
201 482
232 479
360 20
80 402
415 296
285 103
247 234
54 114
55 384
295 341
347 152
219 83
309 496
19 356
496 155
300 419
328 289
322 58
176 421
143 164
274 357
416 95
49 67
0 156
240 62
233 412
38 53
101 413
269 70
337 66
429 384
297 450
266 326
440 374
470 120
266 263
243 176
121 427
413 294
125 219
178 472
55 386
306 433
344 475
379 324
207 325
82 316
433 456
181 218
471 403
86 177
388 219
218 181
43 306
165 462
222 450
445 71
405 224
308 235
59 6
354 276
468 486
83 474
470 424
133 358
210 303
465 93
177 69
405 492
248 38
150 402
10 283
293 190
129 46
7 199
478 67
27 386
462 147
369 422
494 67
77 380
104 111
45 113
53 366
135 165
392 46
321 178
267 345
228 462
185 84
272 295
226 467
379 350
340 10
72 136
186 329
354 454
445 457
365 348
362 133
397 375
324 13
181 45
67 211
471 363
349 122
483 426
8 100
293 201
432 280
347 126
139 493
326 464
466 262
293 494
401 236
380 175
239 90
91 95
231 356
75 324
468 41
455 486
370 312
488 431
58 2
32 101
157 8
108 203
19 308
251 274
66 325
428 202
444 311
157 361
261 33
393 428
236 473
54 115
372 226
142 79
147 354
78 53
333 185
32 423
418 392
218 468
422 499
274 111
282 202
200 324
132 321
83 165
328 228
110 110
18 178
160 10
295 228
21 343
103 289
188 220
208 419
465 98
65 487
188 35
255 53
495 432
301 265
274 371
45 329
19 338
205 307
0 201
299 473
320 23
147 217