200
135 319
82 0
73 273
453 70
311 210
249 369
287 319
402 290
455 78
204 445
0 40
337 432
177 105
422 26
276 95
173 109
433 126
481 195
387 180
357 172
457 25
70 156
252 467
284 115
469 223
74 358
424 497
278 119
465 469
140 276
348 16
349 158
321 84
396 62
255 280
434 236
448 83
338 308
400 395
251 368
291 246
291 217
472 366
491 315
58 482
31 143
395 80
365 161
240 380
359 400
73 230
283 186
273 328
213 381
421 446
214 320
297 89
245 229
227 362
433 391
71 303
56 182
496 329
118 132
486 436
177 181
380 141
199 498
300 299
294 68
234 346
269 25
351 211
142 364
149 350
402 215
96 395
453 490
78 165
9 294
54 356
467 13
371 359
277 406
41 224
488 336
338 133
353 262
98 418
35 116
367 240
47 152
45 43
473 184
40 176
5 408
72 33
490 383
181 4
133 29
484 340
133 243
154 440
223 306
443 419
357 86
351 48
151 460
354 73
377 178
326 470
374 81
476 268
152 145
459 354
299 131
173 53
378 382
458 349
91 386
204 96
103 115
140 174
102 397
311 367
448 298
451 294
397 428
418 231
102 332
474 407
126 465
161 172
446 176
318 415
494 295
3 252
132 379
154 255
77 147
382 117
146 340
2 219
311 2
381 373
168 26
194 275
143 459
254 249
416 323
269 285
239 423
454 43
151 324
439 205
382 333
41 174
355 424
216 173
412 121
132 497
100 342
230 397
28 65
455 333
347 313
69 324
409 60
463 479
324 195
238 394
303 93
467 215
351 425
241 376
391 384
126 375
310 277
123 323
161 58
430 22
399 86
398 492
232 251
455 303
497 81
246 18
218 203
278 147
360 168
16 28
28 87
264 422
128 426
69 79
234 127
402 351
465 101
151 82
221 453