200
395 310
403 141
161 338
460 400
95 455
499 122
112 301
372 306
496 486
33 376
161 392
217 483
146 300
62 158
41 392
306 354
422 136
319 263
177 194
496 135
183 223
468 279
279 296
121 331
60 328
13 134
466 156
238 174
158 481
362 84
469 77
187 128
450 101
90 469
92 138
188 374
446 360
480 12
157 401
294 144
16 291
67 12
229 215
368 484
389 304
384 489
270 354
370 117
413 241
39 169
64 369
202 252
162 394
75 21
465 148
364 168
259 455
475 59
3 69
489 446
103 159
497 30
121 59
284 247
255 176
149 165
357 289
443 491
158 426
491 442
219 163
435 314
4 69
355 476
296 246
208 401
283 54
422 436
284 319
82 36
113 348
248 403
464 250
10 497
106 261
239 177
113 117
152 344
207 280
354 299
231 350
95 234
366 143
203 72
184 74
116 374
175 148
413 139
82 432
269 450
143 10
405 74
283 455
159 218
283 161
446 39
224 481
482 285
178 69
40 407
208 460
353 408
7 358
124 358
334 64
117 149
353 462
380 112
498 24
212 28
452 389
77 183
193 353
416 384
463 141
157 465
344 416
53 329
159 36
161 107
92 51
455 111
284 235
7 224
467 400
248 461
346 213
194 470
109 37
283 96
202 227
322 407
450 96
57 219
268 30
457 404
307 303
100 224
356 232
384 342
455 159
65 471
158 6
246 219
113 211
55 275
18 443
82 339
297 24
117 102
205 7
207 365
167 482
221 300
64 97
446 249
135 225
261 470
286 459
113 222
360 392
111 72
221 309
448 212
79 35
207 394
219 108
406 362
393 444
108 349
398 479
164 490
491 424
99 455
77 60
238 454
62 102
328 13
408 47
305 338
163 9
255 171
461 473
207 317
86 483
427 15
0 396
59 150
124 263
353 178