200
310 449
335 113
31 176
438 395
264 98
132 71
71 231
257 342
241 492
160 331
133 10
417 228
56 24
134 225
440 245
251 33
483 182
470 403
118 210
271 371
229 336
90 9
348 415
395 385
100 387
49 63
119 201
170 216
73 362
260 332
368 48
271 132
116 148
143 49
403 129
350 44
368 292
114 176
397 103
32 35
168 271
259 413
124 418
246 155
171 227
30 473
323 107
392 167
395 235
126 474
261 134
309 63
395 494
484 389
242 15
325 211
219 313
179 155
365 0
483 49
258 68
192 179
384 320
253 264
403 128
201 310
125 131
396 277
474 476
459 105
498 87
421 280
18 174
173 248
76 436
127 162
116 350
318 489
122 315
130 490
491 116
87 491
202 303
94 445
122 370
435 176
465 203
193 238
100 282
406 222
285 278
395 113
460 483
188 250
474 13
456 54
56 389
346 116
13 190
494 396
145 94
156 142
258 348
170 374
71 196
339 154
232 440
417 126
499 359
454 212
245 338
70 147
71 204
242 83
30 318
79 16
294 233
154 401
397 130
271 8
82 210
281 192
106 233
252 471
219 414
276 499
177 282
333 231
497 457
368 365
132 10
421 136
406 281
152 157
358 69
136 223
273 288
374 220
284 435
24 61
123 146
145 287
214 204
261 358
131 228
25 459
498 214
173 304
452 26
401 495
412 24
366 291
162 404
47 278
139 469
232 372
149 488
145 310
407 437
192 128
266 439
275 461
455 445
152 397
109 212
204 435
482 18
445 129
265 388
110 96
342 475
465 363
160 72
68 195
75 385
283 378
496 251
129 359
183 414
202 102
222 283
282 282
143 363
112 466
146 314
359 399
261 86
457 142
239 341
14 228
299 439
100 234
223 223
43 490
136 365
341 200
425 299
412 41
46 63
384 391