436
10 10 0
10 10 343.228776181
11.9149290797 10.5771019144 343.228776181
13.8313126564 11.1493553436 343.228776181
15.7454748014 11.7289959931 343.228776181
17.6611273718 12.3036917643 343.228776181
19.5744751327 12.8860149958 343.228776181
21.4893509169 13.4632937249 343.228776181
23.4030416961 14.0444887023 343.228776181
25.3182974691 14.6205054761 343.228776181
27.2351539937 15.1911726857 343.228776181
29.1495768483 15.7699516883 343.228776181
31.0656441612 16.3432631677 343.228776181
32.9791772193 16.9249772174 343.228776181
34.8944006996 17.5011013537 343.228776181
36.8113564129 18.071435285 343.228776181
38.7256756059 18.6505570576 343.228776181
40.6417783288 19.2237501799 343.228776181
42.5551260896 19.8060734114 343.228776181
44.4703115553 20.3823239055 343.228776181
46.3840727086 20.9632871128 343.228776181
48.299725279 21.5379828839 343.228776181
50.2173215045 22.1061595433 343.228776181
52.131976926 22.6841687272 343.228776181
54.0486409777 23.2554820502 343.228776181
55.9622157966 23.8370587109 343.228776181
57.8778683671 24.411754482 343.228776181
59.7902682781 24.9971830262 343.228776181
61.7048195603 25.5755370594 343.228776181
63.6215909275 26.1464902326 343.228776181
65.5349386884 26.7288134642 343.228776181
67.4505912588 27.3035092353 343.228776181
69.3644591156 27.8841208323 343.228776181
71.2807168391 28.4567955543 343.228776181
73.1932452284 29.0418042381 343.228776181
75.1082616068 29.6186164002 343.228776181
77.0258578322 30.1867930596 343.228776181
78.9394987121 30.7681523143 343.228776181
80.8558348984 31.3405644219 343.228776181
82.7679433148 31.9269443362 343.228776181
84.6828723946 32.5040462507 343.228776181
86.6007409062 33.0713031344 343.228776181
88.514088667 33.653626366 343.228776181
90.4305266938 34.2256974187 343.228776181
92.3445755027 34.8057122093 343.228776181
94.2618692353 35.3749087861 343.228776181
96.174092885 35.9609128078 343.228776181
98.0897454554 36.535608579 343.228776181
100.009002543 37.0981494495 343.228776181
101.922763696 37.6791126568 343.228776181
103.840359922 38.2472893162 343.228776181
105.751917939 38.8354610138 343.228776181
107.66757051 39.410156785 343.228776181
109.576530466 40.0067067712 343.228776181
111.489878227 40.5890300028 343.228776181
113.411306592 41.1441093084 343.228776181
115.325729447 41.722888311 343.228776181
117.245204261 42.2846858175 343.228776181
119.156762278 42.8728575152 343.228776181
121.073834991 43.4427980514 343.228776181
122.981822425 44.0424512449 343.228776181
124.895871234 44.6224660354 343.228776181
126.816563687 45.1800864252 343.228776181
128.726691961 45.7728848549 343.228776181
130.644288186 46.3410615143 343.228776181
132.549136481 46.9506129685 343.228776181
134.462484241 47.5329362001 343.228776181
136.392011884 48.0591710116 343.228776181
138.307664454 48.6338667828 343.228776181
140.234700274 49.1691545103 343.228776181
142.14366023 49.7657044966 343.228776181
144.066708125 50.3151467524 343.228776181
145.964074721 50.9476022844 343.228776181
147.879727292 51.5222980556 343.228776181
149.820012292 52.0073693056 343.228776181
151.717378888 52.6398248377 343.228776181
153.657663888 53.1248960878 343.228776181
155.44651827 54.0193232788 343.228776181
155.44651827 54.0193232788 343.228776181
155.44651827 54.0193232788 285.932996668
155.44651827 54.0193232788 228.637217155
155.44651827 54.0193232788 188.06693173
153.466308642 54.2999829111 188.06693173
151.487053169 54.5872941895 188.06693173
149.506191731 54.8633158652 188.06693173
147.525643322 55.1415747327 188.06693173
145.545744334 55.4244174451 188.06693173
143.566527668 55.7119959351 188.06693173
141.585608376 55.9876020975 188.06693173
139.605360422 56.2679911883 188.06693173
137.625819683 56.5533303939 188.06693173
135.644492678 56.8259900735 188.06693173
133.663860052 57.1036488529 188.06693173
131.683961064 57.3864915654 188.06693173
129.704837978 57.674713374 188.06693173
127.723779263 57.9493155722 188.06693173
125.743482196 58.2293575816 188.06693173
123.763993412 58.5150569937 188.06693173
121.782460221 58.7862141672 188.06693173
119.801718283 59.0630920726 188.06693173
117.821819296 59.3459347851 188.06693173
115.842819536 59.6350021657 188.06693173
113.861577278 59.90827696 188.06693173
111.881215009 60.1878575155 188.06693173
109.901795806 60.4740386052 188.06693173
107.923388881 60.7671359273 188.06693173
105.94249936 61.0429559872 188.06693173
103.962600373 61.3257986997 188.06693173
101.983770544 61.6160270746 188.06693173
100.002275753 61.8874647171 188.06693173
98.0218227431 62.1664017608 188.06693173
96.0425015451 62.4532599055 188.06693173
94.0644128109 62.74849703 188.06693173
92.0833130773 63.0228031469 188.06693173
90.10341409 63.3056458594 188.06693173
88.1248333629 63.597567606 188.06693173
86.1429691865 63.866294952 188.06693173
84.1623812322 64.1442722087 188.06693173
82.1832083536 64.4321519002 188.06693173
80.2056101803 64.7306572848 188.06693173
78.2241870211 65.0026173263 188.06693173
76.2442880337 65.2854600388 188.06693173
74.266107678 65.5800826449 188.06693173
72.2836518766 65.8444100851 188.06693173
70.3028420859 66.1208021489 188.06693173
68.3239199576 66.4104005092 188.06693173
66.3471765623 66.7145148777 188.06693173
64.3651917015 66.9823506697 188.06693173
62.3852927142 67.2651933822 188.06693173
60.4078617057 67.564804141 188.06693173
58.4243059724 67.8207468163 188.06693173
56.443063714 68.0940216105 188.06693173
54.4646567893 68.3871189327 188.06693173
52.4897755254 68.7030999349 188.06693173
50.506574703 68.9617783031 188.06693173
48.524914367 69.2320047125 188.06693173
46.5470416612 69.5286856184 188.06693173
44.5592741919 69.7495486706 188.06693173
42.5747184384 69.9976181397 188.06693173
40.5948194511 70.2804608522 188.06693173
38.6220316035 70.6092588268 188.06693173
36.631957223 70.8082662649 188.06693173
34.6474014696 71.056335734 188.06693173
32.6746136219 71.3851337086 188.06693173
30.7343286217 71.8702049587 188.06693173
28.7343286217 71.8702049587 188.06693173
28.7343286217 71.8702049587 130.771152217
28.7343286217 71.8702049587 73.4753727036
28.7343286217 71.8702049587 53.5555582434
29.9224146775 70.2613384248 53.5555582434
31.1183395591 68.6582901792 53.5555582434
32.3100334074 67.0520941228 53.5555582434
33.5100334074 65.4520941228 53.5555582434
34.7011508619 63.8454705795 53.5555582434
35.887548938 62.2353589048 53.5555582434
37.0828791349 60.6318671773 53.5555582434
38.2733342362 59.0247527906 53.5555582434
39.4733342362 57.4247527906 53.5555582434
40.6835007712 55.8324284023 53.5555582434
41.8676536391 54.2206647766 53.5555582434
43.0621859311 52.6165785559 53.5555582434
44.2509680533 51.0082262729 53.5555582434
45.4509680533 49.4082262729 53.5555582434
46.6630544838 47.8173628329 53.5555582434
47.8440744726 46.2033021816 53.5555582434
49.0374800053 44.5983774997 53.5555582434
50.2238780814 42.988265825 53.5555582434
51.4238780814 41.388265825 53.5555582434
52.6387782965 39.799550159 53.5555582434
53.8151216919 38.1820779904 53.5555582434
55.0068155402 36.5758819339 53.5555582434
56.1895428675 34.9630719422 53.5555582434
57.3895428675 33.3630719422 53.5555582434
58.6089643892 31.777823964 53.5555582434
59.7775738409 30.1547552811 53.5555582434
60.966355963 28.5464029982 53.5555582434
62.1426993584 26.9289308296 53.5555582434
63.3426993584 25.3289308296 53.5555582434
64.5705805854 23.7502263948 53.5555582434
65.7239469806 22.1162906683 53.5555582434
66.9066743079 20.5034806766 53.5555582434
68.0691506953 18.8760137342 53.5555582434
69.2691506953 17.2760137342 53.5555582434
70.5185407904 15.7142761153 53.5555582434
71.6279411829 14.0501755266 53.5555582434
72.7904175703 12.4227085842 53.5555582434
74.0398076654 10.8609709653 53.5555582434
75.2398076654 9.26097096531 53.5555582434
76.6540212278 7.84675740293 53.5555582434
76.6540212278 7.84675740293 53.5555582434
76.6540212278 7.84675740293 356.25977873
76.6540212278 7.84675740293 300.036460355
77.6551232214 9.57817150661 300.036460355
78.6584976057 11.3082697249 300.036460355
79.6605701468 13.0391222958 300.036460355
80.6631345998 14.7696899823 300.036460355
81.6661954711 16.4999699853 300.036460355
82.6679375524 18.2310138329 300.036460355
83.6701760861 19.9617702923 300.036460355
84.6729156764 21.6922365052 300.036460355
85.676160992 23.4224095707 300.036460355
86.6780654681 25.1533594316 300.036460355
87.6804757175 26.8840164432 300.036460355
88.6833965121 28.6143776425 300.036460355
89.6868326916 30.344440021 300.036460355
90.6889052327 32.0752925919 300.036460355
91.691493222 33.805846643 300.036460355
92.6946016084 35.5360991 300.036460355
93.6982354125 37.2660468413 300.036460355
94.700481991 38.996798642 300.036460355
95.7032540672 40.7272460302 300.036460355
96.7065567771 42.4573858143 300.036460355
97.7084530012 44.1883404515 300.036460355
98.7108799137 45.9189878116 300.036460355
99.7138427699 47.6493246311 300.036460355
100.717346904 49.3793475945 300.036460355
101.719419445 51.1102001655 300.036460355
102.722033336 52.8407392102 300.036460355
103.725194037 54.5709613369 300.036460355
104.728907091 56.3008630986 300.036460355
105.731162534 58.0316097661 300.036460355
106.733970422 59.7620364012 300.036460355
107.737336433 61.4921394757 300.036460355
108.739223553 63.2230993825 300.036460355
109.741668858 64.9537360889 300.036460355
110.744678165 66.6840459832 300.036460355
111.748257381 68.414025393 300.036460355
112.750329922 70.1448779639 300.036460355
113.752972455 71.8754004139 300.036460355
114.756191036 73.6055889812 300.036460355
115.759991816 75.3354398401 300.036460355
116.762257075 77.0661808234 300.036460355
117.76510464 78.7965844646 300.036460355
118.768540819 80.5266468432 300.036460355
119.772572025 82.2563639698 300.036460355
120.775037737 83.9869888558 300.036460355
121.778098608 85.7172688587 300.036460355
122.781761218 87.4471998883 300.036460355
123.783833759 89.1780524593 300.036460355
124.786508135 90.9085564594 300.036460355
125.789791099 92.6387076938 300.036460355
126.793689518 94.3685018913 300.036460355
127.795965705 96.0992365455 300.036460355
128.798857473 97.8296145688 300.036460355
129.802371871 99.5596315781 300.036460355
130.806516073 101.28928311 300.036460355
131.809004556 103.019894806 300.036460355
132.812122999 104.750141433 300.036460355
133.815878774 106.480018406 300.036460355
134.817951315 108.210870977 300.036460355
135.820661303 109.941354343 300.036460355
136.824016315 111.671463796 300.036460355
137.828024064 113.401194538 300.036460355
138.830312495 115.131922102 300.036460355
139.833253811 116.862271407 300.036460355
140.836855948 118.59223752 300.036460355
141.841126982 120.321815413 300.036460355
142.843641035 122.052412297 300.036460355
143.846824172 123.782621416 300.036460355
144.85068471 125.512437597 300.036460355
145.85523112 127.241855565 300.036460355
146.857981199 128.9723157 300.036460355
147.861417378 130.702378079 300.036460355
148.865548386 132.432037271 300.036460355
149.867850626 134.162756837 300.036460355
150.870847872 135.893073723 300.036460355
151.874549116 137.622982337 300.036460355
152.878963526 139.352476972 300.036460355
153.881506498 141.083057103 300.036460355
154.88476286 142.813223763 300.036460355
155.888742067 144.542971072 300.036460355
156.893453764 146.272293022 300.036460355
157.896249314 148.002726807 300.036460355
158.899777629 149.732735743 300.036460355
159.904048664 151.462313637 300.036460355
160.906366602 153.193024113 300.036460355
161.909427473 154.923304116 300.036460355
162.913241557 156.653147254 300.036460355
163.917819348 158.382546995 300.036460355
164.920395294 160.113108023 300.036460355
165.923735218 161.843226226 300.036460355
166.927849966 163.572894857 300.036460355
167.932750616 165.302107014 300.036460355
168.935598181 167.032510655 300.036460355
169.939231985 168.762458396 300.036460355
170.943663488 170.491943104 300.036460355
171.945999426 172.222643156 300.036460355
172.949133325 173.952880822 300.036460355
173.953077049 175.682648725 300.036460355
174.957842726 177.411939312 300.036460355
175.960456617 179.142478357 300.036460355
176.963892797 180.872540735 300.036460355
177.968163832 182.602118628 300.036460355
178.973282578 184.331204024 300.036460355
179.976190222 186.061572846 300.036460355
180.979945997 187.791449819 300.036460355
181.984563238 189.520826643 300.036460355
182.990055599 191.249694802 300.036460355
183.99327418 192.97988337 300.036460355
184.997368397 194.709563919 300.036460355
186.002352428 196.438727618 300.036460355
187.00501045 198.169241094 300.036460355
188.008558707 199.899238463 300.036460355
189.013011931 201.628710556 300.036460355
190.018385223 203.357647959 300.036460355
191.021363042 205.087976105 300.036460355
192.025261461 206.817770303 300.036460355
193.03009619 208.547020767 300.036460355
194.035883346 210.275717442 300.036460355
195.039201293 212.00584839 300.036460355
196.043472328 213.735426283 300.036460355
197.048713243 215.464440657 300.036460355
198.051423231 217.194924023 300.036460355
199.055103639 218.924844726 300.036460355
200.059771977 220.654191866 300.036460355
201.065446233 222.382954224 300.036460355
202.068507105 224.113234227 300.036460355
203.072574581 225.842930299 300.036460355
204.077667447 227.572030739 300.036460355
205.083805018 229.300523489 300.036460355
206.087241198 231.030585867 300.036460355
207.091722944 232.760041395 300.036460355
208.09727046 234.488877476 300.036460355
209.100042536 236.219324864 300.036460355
210.103881091 237.949153802 300.036460355
211.108807279 239.678351117 300.036460355
212.114842891 241.406903213 300.036460355
213.118003592 243.13712534 300.036460355
214.122274627 244.866703233 300.036460355
215.127678852 246.595622648 300.036460355
216.134239835 248.323868865 300.036460355
217.137819051 250.053848275 300.036460355
218.14255618 251.783155449 300.036460355
219.148475994 253.511774935 300.036460355
220.155604066 255.239690745 300.036460355
221.159635272 256.969407872 300.036460355
222.164876186 258.698422245 300.036460355
223.171353747 260.426717046 300.036460355
224.174636711 262.156868281 300.036460355
225.179157566 263.886301093 300.036460355
226.184944723 265.614997768 300.036460355
227.192027579 267.342939932 300.036460355
228.195783354 269.072816906 300.036460355
229.200836429 270.801940475 300.036460355
230.207217886 272.530291238 300.036460355
231.214959937 274.25784904 300.036460355
232.219230972 275.987426933 300.036460355
233.22486464 277.716212902 300.036460355
234.231895091 279.444185608 300.036460355
235.23533127 281.174247986 300.036460355
236.240165999 282.90349845 300.036460355
237.246435544 284.631914374 300.036460355
238.254177595 286.359472175 300.036460355
239.258156802 288.089219484 300.036460355
240.263610825 289.818109939 300.036460355
241.270579819 291.546118459 300.036460355
242.279105595 293.27321885 300.036460355
243.283683385 295.002618591 300.036460355
244.289820956 296.731111341 300.036460355
245.297563007 298.458669143 300.036460355
246.301196812 300.188616884 300.036460355
247.306437726 301.917631258 300.036460355
248.313333644 303.645682359 300.036460355
249.321934624 305.372738833 300.036460355
250.326205659 307.102316726 300.036460355
251.332185272 308.830901413 300.036460355
252.339927323 310.558459215 300.036460355
253.349488254 312.284954719 300.036460355
254.354472284 314.014118418 300.036460355
255.361279868 315.742220987 300.036460355
256.369972018 317.469224214 300.036460355
257.373870436 319.199018412 300.036460355
258.379657593 320.927715087 300.036460355
259.387399644 322.655272889 300.036460355
260.397166274 324.381648095 300.036460355
261.401834612 326.110995235 300.036460355
262.408533269 327.839161262 300.036460355
263.417338241 329.566098588 300.036460355
264.428329865 331.291756704 300.036460355
265.433877381 333.020592785 300.036460355
266.441619432 334.748150587 300.036460355
267.45164422 336.474374769 300.036460355
268.455915255 338.203952662 300.036460355
269.462476238 339.932198879 300.036460355
270.471424438 341.65905253 300.036460355
271.482863438 343.38444847 300.036460355
272.488104352 345.113462843 300.036460355
273.495846404 346.841020645 300.036460355
274.506204807 348.567049584 300.036460355
275.503147055 350.30086219 300.036460355
276.493054998 352.038700578 300.036460355
277.502191037 353.765444467 300.036460355
278.496959261 355.500505324 300.036460355
279.512030972 357.223766599 300.036460355
280.501708209 358.961736382 300.036460355
281.493986086 360.698222666 300.036460355
282.508026339 362.422091097 300.036460355
283.49470655 364.161764101 300.036460355
284.504099725 365.888357689 300.036460355
285.496377601 367.624843973 300.036460355
286.512884771 369.347258899 300.036460355
287.498909915 371.08730327 300.036460355
288.510348914 372.81269921 300.036460355
289.502626791 374.549185495 300.036460355
290.498361828 376.283691688 300.036460355
291.508128458 378.010066895 300.036460355
292.496732907 379.748647132 300.036460355
293.515374695 381.469800498 300.036460355
294.495897174 383.212951572 300.036460355
295.508298311 384.93778314 300.036460355
296.496317127 386.676696255 300.036460355
297.519284846 388.395282024 300.036460355
298.497786795 390.139568106 300.036460355
299.513756835 391.862299913 300.036460355
300.500967874 393.601671743 300.036460355
301.49324575 395.338158027 300.036460355
302.507286003 397.062026458 300.036460355
303.487808483 398.805177532 300.036460355
304.516799994 400.520163383 300.036460355
305.50907787 402.256649668 300.036460355
306.480363733 404.00496422 300.036460355
307.509355243 405.719950071 300.036460355
308.493469757 407.461075749 300.036460355
309.510928381 409.182928805 300.036460355
310.474765881 410.935360622 300.036460355
311.5176659 412.64192429 300.036460355
312.498188379 414.385075364 300.036460355
313.52717989 416.100061215 300.036460355
314.475379536 417.861003415 300.036460355
315.54913052 419.548326391 300.036460355
316.520416382 421.296640943 300.036460355
317.414843573 423.085495325 300.036460355
318.524243966 424.749595914 300.036460355
319.418671157 426.538450296 300.036460355
320.832884719 427.952663858 300.036460355
320.832884719 427.952663858 300.036460355