427
10 10 0
10 10 328.920960365
11.7129119787 11.0324400967 328.920960365
13.4247430626 12.0666713766 328.920960365
15.1386704636 13.0974249184 328.920960365
16.8515088656 14.1299870757 328.920960365
18.5632263872 15.1644062974 328.920960365
20.273789736 16.2007329977 328.920960365
21.9865491486 17.233426173 328.920960365
23.698144627 18.2680473204 328.920960365
25.4085402901 19.3046507526 328.920960365
27.1212146806 20.337484927 328.920960365
28.8326786478 21.3723236048 328.920960365
30.5428934083 22.4092254675 328.920960365
32.2518182982 23.4482518006 328.920960365
33.9631401401 24.4833254953 328.920960365
35.6731591545 25.5205501433 328.920960365
37.3881450059 26.5495416542 328.920960365
39.1056726045 27.5742850113 328.920960365
40.8219514271 28.6011184949 328.920960365
42.5369372785 29.6301100058 328.920960365
44.2505835907 30.6613307954 328.920960365
45.9669201173 31.6880678247 328.920960365
47.6819059687 32.7170593356 328.920960365
49.3954902457 33.748383206 328.920960365
51.1118898675 34.7750147555 328.920960365
52.8268757189 35.8040062663 328.920960365
54.5403919359 36.8354432125 328.920960365
56.2523792994 37.8694157785 328.920960365
57.9673651508 38.8984072894 328.920960365
59.6808063606 39.9299688341 328.920960365
61.3926374445 40.9642001139 328.920960365
63.107623296 41.9931916248 328.920960365
64.8209814304 43.0248911466 328.920960365
66.5326390488 44.0594094874 328.920960365
68.2425183917 45.0968643696 328.920960365
69.9557840067 46.1287175241 328.920960365
71.6672479738 47.1635562019 328.920960365
73.3768230043 48.2015124704 328.920960365
75.0899849485 49.233537738 328.920960365
76.8012313377 50.2687361709 328.920960365
78.5104634888 51.3072569716 328.920960365
80.2175749498 52.3492600712 328.920960365
81.9285751079 53.38486543 328.920960365
83.6374179856 54.4240266395 328.920960365
85.3439816529 55.4669266584 328.920960365
87.0547008678 56.502996042 328.920960365
88.7740684187 57.5246492244 328.920960365
90.4913116425 58.5498690595 328.920960365
92.2131646989 59.5673276838 328.920960365
93.9328741866 60.5884051921 328.920960365
95.6502993535 61.6133202111 328.920960365
97.3652852049 62.6423117219 328.920960365
99.0853945127 63.6627155485 328.920960365
100.803033523 64.687272151 328.920960365
102.518019374 65.7162636618 328.920960365
104.230148265 66.7500018599 328.920960365
105.948042213 67.7741309445 328.920960365
107.663028064 68.8031224554 328.920960365
109.374859148 69.8373537352 328.920960365
111.093062236 70.8609640854 328.920960365
112.808048088 71.8899555963 328.920960365
114.519512055 72.9247942741 328.920960365
116.227104406 73.9660091226 328.920960365
117.942090258 74.9950006335 328.920960365
119.653090416 76.0306059923 328.920960365
121.359654083 77.0735060112 328.920960365
123.074639934 78.102497522 328.920960365
124.785035598 79.1391009542 328.920960365
126.490238102 80.1842250701 328.920960365
128.205223954 81.2132165809 328.920960365
129.914798984 82.2511728494 328.920960365
131.618115618 83.2993677008 328.920960365
133.314112226 84.3593655808 328.920960365
135.022509337 85.3992594746 328.920960365
136.72303963 86.4519687038 328.920960365
138.414017436 87.5199546866 328.920960365
140.162331989 88.4912405489 328.920960365
141.858328597 89.5512384289 328.920960365
143.594814881 90.5435163056 328.920960365
145.322372683 91.5512583567 328.920960365
147.078163829 92.5089626181 328.920960365
148.826478381 93.4802484804 328.920960365
150.453945323 94.6427248678 328.920960365
152.242799705 95.5371520588 328.920960365
154.031654087 96.4315792498 328.920960365
155.44586765 97.8457928122 328.920960365
155.44586765 97.8457928122 328.920960365
155.44586765 97.8457928122 271.625180852
155.44586765 97.8457928122 252.474431626
154.843604914 99.7529581425 252.474431626
154.243601126 101.660835354 252.474431626
153.645891023 103.569432387 252.474431626
153.044282694 105.476804248 252.474431626
152.446950878 107.385519707 252.474431626
151.851976794 109.294971419 252.474431626
151.253048013 111.203186374 252.474431626
150.656498026 113.11214633 252.474431626
150.055926276 115.019844831 252.474431626
149.457754619 116.928297259 252.474431626
148.862022054 118.837512467 252.474431626
148.26218094 120.74544083 252.474431626
147.664801389 122.654141349 252.474431626
147.06324089 124.561528296 252.474431626
146.464164678 126.469696971 252.474431626
145.869730482 128.379316825 252.474431626
145.271050333 130.287609801 252.474431626
144.674930018 132.196703976 252.474431626
144.074486328 134.104442788 252.474431626
143.476627182 136.012993139 252.474431626
142.881397808 137.922365285 252.474431626
142.281744615 139.830352719 252.474431626
141.684747372 141.73917285 252.474431626
141.083242247 143.64657726 252.474431626
140.484419572 145.554825515 252.474431626
139.888328268 147.463928749 252.474431626
139.289936823 149.372312274 252.474431626
138.694316068 151.281562367 252.474431626
138.094021424 153.189348083 252.474431626
137.496526481 155.098012484 252.474431626
136.901884321 157.007567589 252.474431626
136.302450668 158.915624008 252.474431626
135.705900682 160.824583964 252.474431626
135.10446041 162.732008824 252.474431626
134.505935107 164.640350372 252.474431626
133.902416686 166.547118715 252.474431626
133.301844936 168.454817217 252.474431626
132.706812191 170.364250649 252.474431626
132.106693199 172.272091627 252.474431626
131.509628134 174.180890544 252.474431626
130.907365398 176.088055875 252.474431626
130.308191618 177.996193915 252.474431626
129.712171921 179.905319506 252.474431626
129.110808646 181.812768643 252.474431626
128.51263699 183.721221071 252.474431626
127.908998721 185.627951477 252.474431626
127.308590135 187.535701337 252.474431626
126.711482814 189.444487037 252.474431626
126.111573897 191.352394082 252.474431626
125.515023911 193.261354038 252.474431626
124.912761175 195.168519368 252.474431626
124.313899839 197.076755491 252.474431626
123.718518954 198.986080398 252.474431626
123.117248581 200.893558822 252.474431626
122.519504492 202.802145211 252.474431626
121.915721083 204.708829662 252.474431626
121.315510513 206.616641831 252.474431626
120.718960526 208.525601787 252.474431626
120.11617329 210.432601406 252.474431626
119.520251697 212.341757621 252.474431626
118.917988961 214.248922952 252.474431626
118.319510389 216.157279155 252.474431626
117.724913947 218.066848497 252.474431626
117.123757878 219.974362948 252.474431626
116.526541159 221.883114422 252.474431626
115.922578367 223.789742059 252.474431626
115.322613164 225.697631405 252.474431626
114.726755621 227.606807612 252.474431626
114.123904101 229.51378691 252.474431626
113.525223952 231.422079885 252.474431626
112.922961216 233.329245215 252.474431626
112.324962476 235.237751832 252.474431626
111.731352316 237.147628 252.474431626
111.13034031 239.055187847 252.474431626
110.533790323 240.964147803 252.474431626
109.929600168 242.870703403 252.474431626
109.329946975 244.778690837 252.474431626
108.734972891 246.688142549 252.474431626
108.132039128 248.595095846 252.474431626
107.533867471 250.503548274 252.474431626
106.927460157 252.409399834 252.474431626
106.330080605 254.318100353 252.474431626
105.737747964 256.228373119 252.474431626
105.136923141 258.135991931 252.474431626
104.541242903 260.045223466 252.474431626
103.936755181 261.951684742 252.474431626
103.337512057 263.859801006 252.474431626
102.743704128 265.769615694 252.474431626
102.140661416 267.676534541 252.474431626
101.543166474 269.585198941 252.474431626
100.936063125 271.490828896 252.474431626
100.339513139 273.399788852 252.474431626
99.7489005972 275.310594134 252.474431626
99.1483288467 277.218292635 252.474431626
98.5538307459 279.127892596 252.474431626
97.9489368031 281.034225022 252.474431626
97.350256654 282.942517997 252.474431626
96.7580591118 284.852832649 252.474431626
96.1548652147 286.759703678 252.474431626
95.5583152285 288.668663634 252.474431626
94.9502348809 290.573982057 252.474431626
94.348964508 292.481460481 252.474431626
93.7607928104 294.393018499 252.474431626
93.1605822404 296.300830667 252.474431626
92.5677838106 298.210958941 252.474431626
91.9623021875 300.117104792 252.474431626
91.3644430415 302.025655142 252.474431626
90.7746136662 303.936702318 252.474431626
90.1711958833 305.843502512 252.474431626
89.5760580125 307.752903181 252.474431626
88.9665065583 309.657751476 252.474431626
88.3654945518 311.565311322 252.474431626
87.7735424931 313.475702057 252.474431626
87.1738892996 315.383689491 252.474431626
86.5837431669 317.294638873 252.474431626
85.9773358523 319.200490433 252.474431626
85.380785866 321.109450389 252.474431626
84.7947818443 323.021674039 252.474431626
84.190998435 324.92835849 252.474431626
83.5982000052 326.838486763 252.474431626
82.9861816444 328.742543886 252.474431626
82.3856098939 330.650242387 252.474431626
81.7974381962 332.561800405 252.474431626
81.187886742 334.466648699 252.474431626
80.6024581978 336.37904861 252.474431626
79.9943778503 338.284367033 252.474431626
79.400244745 340.194080585 252.474431626
78.8214657424 342.10850344 252.474431626
78.216978021 344.014964715 252.474431626
77.6288063233 345.926522733 252.474431626
77.0117969272 347.828968371 252.474431626
76.4121437337 349.736955804 252.474431626
75.8321289432 351.651004613 252.474431626
75.2181233833 353.554421849 252.474431626
74.6253249536 355.464550122 252.474431626
74.0133065928 357.368607245 252.474431626
73.4251348951 359.280165262 252.474431626
72.8651348951 361.200165262 252.474431626
72.2587275805 363.106016823 252.474431626
71.6840318094 365.021669393 252.474431626
71.0515762774 366.919035989 252.474431626
70.4550262911 368.827995945 252.474431626
69.9055840353 370.75104384 252.474431626
69.2731285033 372.648410437 252.474431626
68.6984327321 374.564063007 252.474431626
67.9961858489 376.436721362 252.474431626
67.4467435932 378.359769257 252.474431626
67.0545113229 380.320930609 252.474431626
66.4220557908 382.218297205 252.474431626
66.4220557908 382.218297205 252.474431626
66.4220557908 382.218297205 195.178652113
66.4220557908 382.218297205 137.8828726
66.4220557908 382.218297205 83.6255404475
66.6441076594 380.230662186 83.6255404475
66.8625727632 378.242629742 83.6255404475
67.0822303368 376.254728701 83.6255404475
67.3030933889 374.266961231 83.6255404475
67.5251751409 372.279329551 83.6255404475
67.7429732295 370.291223922 83.6255404475
67.9619871009 368.303251859 83.6255404475
68.1822303208 366.315415617 83.6255404475
68.4037166821 364.327717503 83.6255404475
68.6264602093 362.340159876 83.6255404475
68.844800538 360.352113725 83.6255404475
69.0643950276 358.364205714 83.6255404475
69.2852580798 356.376438244 83.6255404475
69.5074043442 354.388813773 83.6255404475
69.7250391661 352.400690265 83.6255404475
69.9439539581 350.412707289 83.6255404475
70.1641637721 348.424867346 83.6255404475
70.3856839254 346.437172998 83.6255404475
70.6085300068 344.449626867 83.6255404475
70.8267318628 342.461565512 83.6255404475
71.0462563012 340.473649764 83.6255404475
71.2671193533 338.485882295 83.6255404475
71.4893373419 336.498265841 83.6255404475
71.7129268881 334.510803209 83.6255404475
71.9310536462 332.522733613 83.6255404475
72.1505400755 330.534813669 83.6255404475
72.3714031276 328.547046199 83.6255404475
72.5936600714 326.559434101 83.6255404475
72.8110145474 324.571279924 83.6255404475
73.029759073 322.583278206 83.6255404475
73.2499114327 320.595431899 83.6255404475
73.4714897521 318.607744034 83.6255404475
73.6945125069 316.62021772 83.6255404475
73.9124755934 314.632130173 83.6255404475
74.1318791389 312.644201079 83.6255404475
74.352742191 310.65643361 83.6255404475
74.5750841753 308.668831023 83.6255404475
74.7922230407 306.680653286 83.6255404475
75.010836499 304.692637151 83.6255404475
75.2309445913 302.704785942 83.6255404475
75.4525677677 300.717103078 83.6255404475
75.6757268983 298.729592071 83.6255404475
75.8935054875 296.741484306 83.6255404475
76.1128155294 294.753544894 83.6255404475
76.3336785815 292.765777425 83.6255404475
76.5561166569 290.77818559 83.6255404475
76.7730116773 288.789981236 83.6255404475
76.991476781 286.801948792 83.6255404475
77.211534725 284.814092032 83.6255404475
77.4332087613 282.826414839 83.6255404475
77.6565226517 280.838921215 83.6255404475
77.8740916728 278.850790505 83.6255404475
78.0932954103 276.862839368 83.6255404475
78.3141584625 274.875071899 83.6255404475
78.5367059834 272.887492315 83.6255404475
78.7533229894 270.899257653 83.6255404475
78.97161879 268.911206611 83.6255404475
79.1916194495 266.92334351 83.6255404475
79.4133516398 264.935672804 83.6255404475
79.6368426599 262.94819909 83.6255404475
79.8541715597 260.960042117 83.6255404475
80.0732533703 258.97207754 83.6255404475
80.2941164224 256.98431007 83.6255404475
80.5167897351 254.996744576 83.6255404475
80.7330868345 253.008475086 83.6255404475
80.9511876092 251.020402639 83.6255404475
81.1711222079 249.032532228 83.6255404475
81.3929215366 247.044869012 83.6255404475
81.6166172843 245.057418331 83.6255404475
81.8336683028 243.069231002 83.6255404475
82.0526088469 241.081250861 83.6255404475
82.273471899 239.093483392 83.6255404475
82.4962913073 237.10593427 83.6255404475
82.7211018157 235.118609376 83.6255404475
82.9389754975 233.13051203 83.6255404475
83.1588330752 231.142633098 83.6255404475
83.3807107832 229.154978631 83.6255404475
83.6046458514 227.1675549 83.6255404475
83.8213715612 225.179332084 83.6255404475
84.0401465016 223.191333712 83.6255404475
84.2610095538 221.203566243 83.6255404475
84.4840007088 219.216036383 83.6255404475
84.7091611103 217.2287511 83.6255404475
84.9267670149 215.240624427 83.6255404475
85.1465336367 213.252735438 83.6255404475
85.3685040458 211.265091321 83.6255404475
85.5927226042 209.277699553 83.6255404475
85.8090623035 207.289434698 83.6255404475
86.027640421 205.301414676 83.6255404475
86.2485034732 203.313647207 83.6255404475
86.471699432 201.326140335 83.6255404475
86.6972777864 199.338902452 83.6255404475
86.9145632207 197.350740728 83.6255404475
87.1342207943 195.362839686 83.6255404475
87.3563025462 193.375208006 83.6255404475
87.5808622357 191.387854755 83.6255404475
87.796736484 189.39953931 83.6255404475
88.0150768128 187.411493158 83.6255404475
88.2359398649 185.423725689 83.6255404475
88.4593842448 183.436246731 83.6255404475
88.6854706094 181.449066579 83.6255404475
88.9023656298 179.460862226 83.6255404475
89.1218900682 177.472946478 83.6255404475
89.3441080568 175.485330025 83.6255404475
89.5690860873 173.498024088 83.6255404475
89.7843881084 171.509646599 83.6255404475
90.0010541243 169.521417277 83.6255404475
90.2205003228 167.53349289 83.6255404475
90.4427985282 165.545885407 83.6255404475
90.668023366 163.558607426 83.6255404475
90.882987052 161.570193331 83.6255404475
91.1008607338 159.582095985 83.6255404475
91.3217237859 157.594328515 83.6255404475
91.5456588542 155.606904785 83.6255404475
91.7587251014 153.618286477 83.6255404475
91.974843463 151.629997551 83.6255404475
92.1941021116 149.64205247 83.6255404475
92.4165930723 147.654466554 83.6255404475
92.6424124484 145.667256044 83.6255404475
92.8565588478 143.678753764 83.6255404475
93.0740120304 141.69061038 83.6255404475
93.2948750826 139.702842911 83.6255404475
93.5192559558 137.715469463 83.6255404475
93.7311710137 135.72672815 83.6255404475
93.946577351 133.738361959 83.6255404475
94.1655912224 131.750389896 83.6255404475
94.3883347496 129.762832269 83.6255404475
94.6149363205 127.775710801 83.6255404475
94.8280025678 125.787092493 83.6255404475
95.0448975881 123.79888814 83.6255404475
95.2657606403 121.81112067 83.6255404475
95.4907386708 119.823814734 83.6255404475
95.7199868868 117.836996862 83.6255404475
95.9344297655 115.848526532 83.6255404475
96.1531107238 113.86051782 83.6255404475
96.3761995795 111.872998924 83.6255404475
96.6038764962 109.886000378 83.6255404475
96.8154486054 107.897222552 83.6255404475
97.0315669669 105.908933626 83.6255404475
97.2524300191 103.921166157 83.6255404475
97.4782493952 101.933955647 83.6255404475
97.7092511115 99.9473408863 83.6255404475
97.9223173588 97.9587225785 83.6255404475
98.1405192148 95.9706612238 83.6255404475
98.3641087609 93.9831985915 83.6255404475
98.5933569769 91.9963807197 83.6255404475
98.8027265459 90.0073698139 83.6255404475
99.0176902319 88.0189557188 83.6255404475
99.238553284 86.0311882494 83.6255404475
99.4656464663 84.0441229041 83.6255404475
99.6993289615 82.0578216955 83.6255404475
99.9102670855 80.0689765261 83.6255404475
100.127720268 78.0808331426 83.6255404475
100.352101141 76.0934596941 83.6255404475
100.58386254 74.1069334159 83.6255404475
100.789660843 72.1175498282 83.6255404475
101.00272709 70.1289315204 83.6255404475
101.223590142 68.1411640511 83.6255404475
101.452838358 66.1543461793 83.6255404475
101.691128799 64.1685925023 83.6255404475
101.898340968 62.1793556846 83.6255404475
102.114459329 60.1910667584 83.6255404475
102.340278705 58.2038562488 83.6255404475
102.576704485 56.2178797004 83.6255404475
102.775711923 54.22780532 83.6255404475
102.985081492 52.2387944142 83.6255404475
103.205944544 50.2510269448 83.6255404475
103.439627039 48.2647257362 83.6255404475
103.687696508 46.2801699828 83.6255404475
103.886703947 44.2900956023 83.6255404475
104.099770194 42.3014772945 83.6255404475
104.32901841 40.3146594228 83.6255404475
104.577087879 38.3301036693 83.6255404475
104.758159371 36.3383172564 83.6255404475
104.957166809 34.348242876 83.6255404475
105.178029861 32.3604754066 83.6255404475
105.42609933 30.3759196532 83.6255404475
105.708942043 28.3960206659 83.6255404475
105.875033003 26.4029291494 83.6255404475
106.074040441 24.412854769 83.6255404475
106.32210991 22.4282990155 83.6255404475
106.650907884 20.4555111679 83.6255404475
106.650907884 18.4555111679 83.6255404475
106.650907884 16.4555111679 83.6255404475