1006
10 10 0
10 10 302.704220487
10 10 291.574608971
10.7354249591 11.8598790632 291.574608971
11.4698800866 13.7201413204 291.574608971
12.2080144245 15.5789467699 291.574608971
12.9451851087 17.4381345986 291.574608971
13.6795181782 19.2984450412 291.574608971
14.412854325 21.1591486973 291.574608971
15.1499418594 23.0183694929 291.574608971
15.8860387614 24.8779827191 291.574608971
16.6211325288 26.7379927064 291.574608971
17.3552104223 28.5984038562 291.574608971
18.0931332022 30.4572933018 291.574608971
18.8281098446 32.3173495738 291.574608971
19.5620542809 34.1778133774 291.574608971
20.2949531162 36.0386893263 291.574608971
21.0317757255 37.8980151295 291.574608971
21.7675595685 39.7577522444 291.574608971
22.5022909176 41.6179054221 291.574608971
23.2359557728 43.4784794949 291.574608971
23.9716286431 45.338260511 291.574608971
24.7062314715 47.1984644473 291.574608971
25.4397497956 49.0590962938 291.574608971
26.1773585979 50.9181103483 291.574608971
26.9138904261 52.7775513573 291.574608971
27.6493304459 54.6374244651 291.574608971
28.3836635153 56.4977349078 291.574608971
29.1200920057 58.357216846 291.574608971
29.8554097845 60.2171382864 291.574608971
30.5896011894 62.077504643 291.574608971
31.3226502262 63.9383214286 291.574608971
32.0599955578 65.7974399999 291.574608971
32.7962067696 67.6570079743 291.574608971
33.531267433 69.5170310444 291.574608971
34.2651607616 71.3775150089 291.574608971
35.0012576636 73.2371282351 291.574608971
35.7361830099 75.0972047752 291.574608971
36.4699194058 76.9577506363 291.574608971
37.208152761 78.8165167629 291.574608971
37.9452063412 80.6757510192 291.574608971
38.6810622609 82.5354596162 291.574608971
39.4157022263 84.3956488864 291.574608971
40.15265147 86.2549245013 291.574608971
40.8883802632 88.1146833951 291.574608971
41.6228696192 89.9749321381 291.574608971
42.3561001071 91.8356774328 291.574608971
43.0940775621 93.6945451731 291.574608971
43.8308062983 95.553908174 291.574608971
44.5662663033 97.4137733791 291.574608971
45.2980106317 99.2751036125 291.574608971
46.0346227408 101.13451282 291.574608971
46.7699405196 102.99443426 291.574608971
47.5039426497 104.854875303 291.574608971
48.2366072839 106.715843474 291.574608971
48.9742983246 108.574824896 291.574608971
49.7106631554 110.434332045 291.574608971
50.443123972 112.295380446 291.574608971
51.1807117978 114.154402824 291.574608971
51.916945404 116.013961932 291.574608971
52.6518012973 117.874065912 291.574608971
53.3852553704 119.734723087 291.574608971
54.1240127083 121.593281021 291.574608971
54.8613810167 123.452390479 291.574608971
55.5946368753 125.313125776 291.574608971
56.3264337952 127.174435334 291.574608971
57.0636852358 129.03359114 291.574608971
57.7994908588 130.893319638 291.574608971
58.5338239282 132.753630081 291.574608971
59.2666569628 134.614531944 291.574608971
60.0051444631 136.473197113 291.574608971
60.7392875849 138.333582524 291.574608971
61.4718948116 140.194573295 291.574608971
62.2102841403 142.053277467 291.574608971
62.9471526026 143.912585099 291.574608971
63.6824703813 145.772506539 291.574608971
64.4162067773 147.633052401 291.574608971
65.1559504223 149.491217985 291.574608971
65.8910900613 151.351209843 291.574608971
66.6246083854 153.211841689 291.574608971
67.3564721911 155.073124948 291.574608971
68.0945380869 156.931957575 291.574608971
68.8309665773 158.791439513 291.574608971
69.5657231475 160.651582729 291.574608971
70.2987721843 162.512399514 291.574608971
71.0382831068 164.37065773 291.574608971
71.7728333703 166.230882423 291.574608971
72.5056294689 168.091798831 291.574608971
73.2366326485 169.953420262 291.574608971
73.9743236891 171.812401684 291.574608971
74.7102414687 173.672085803 291.574608971
75.4443455713 175.532486611 291.574608971
76.1853764032 177.390139245 291.574608971
76.9211051964 179.249898138 291.574608971
77.6549675756 181.110394311 291.574608971
78.3869193054 182.971642995 291.574608971
79.1260581522 184.830049239 291.574608971
79.8633095927 186.689205045 291.574608971
80.5986273715 188.549126486 291.574608971
81.3319635183 190.409830142 291.574608971
82.0690510526 192.269050937 291.574608971
82.8041448201 194.129060925 291.574608971
83.5371938569 195.98987771 291.574608971
84.2681452281 197.851519484 291.574608971
85.0069442759 199.710060839 291.574608971
85.7436730121 201.56942384 291.574608971
86.4782758404 203.429627776 291.574608971
87.2169470814 205.288219931 291.574608971
87.9534789097 207.14766094 291.574608971
88.6878119791 209.007971382 291.574608971
89.4198844501 210.86917258 291.574608971
90.1605010185 212.726990412 291.574608971
90.8988903471 214.585694584 291.574608971
91.6349872491 216.44530781 291.574608971
92.3642769533 218.307601162 291.574608971
93.1025103085 220.166367289 291.574608971
93.8383662281 222.026075885 291.574608971
94.571771525 223.886752287 291.574608971
95.302649594 225.74842284 291.574608971
96.0430218241 227.606338059 291.574608971
96.7809074573 229.46524225 291.574608971
97.5113259004 231.327093184 291.574608971
98.2390269547 233.190007882 291.574608971
98.9767179953 235.048989305 291.574608971
99.7117340739 236.909029994 291.574608971
100.443982692 238.770161897 291.574608971
101.186764044 240.627115279 291.574608971
101.926829762 242.485152613 291.574608971
102.658626682 244.34646217 291.574608971
103.387425379 246.208947729 291.574608971
104.127370826 248.067032963 291.574608971
104.864372709 249.926287713 291.574608971
105.598317145 251.786751516 291.574608971
106.329083542 253.648465907 291.574608971
107.071864894 255.505419289 291.574608971
107.811534735 257.363614254 291.574608971
108.541709792 259.225560651 291.574608971
109.268400345 261.088869761 291.574608971
110.007911268 262.947127977 291.574608971
110.74400817 264.806741203 291.574608971
111.476537832 266.667762507 291.574608971
112.222795317 268.523321659 291.574608971
112.96557667 270.38027504 291.574608971
113.6975284 272.241523725 291.574608971
114.425519709 274.104325017 291.574608971
115.168301062 275.961278398 291.574608971
115.907220208 277.819772008 291.574608971
116.642076101 279.679875988 291.574608971
117.372651646 281.541665281 291.574608971
118.119585388 283.396952317 291.574608971
118.853918458 285.257262759 291.574608971
119.583665856 287.119376809 291.574608971
120.308558378 288.983386153 291.574608971
121.051339731 290.840339534 291.574608971
121.789405626 292.699172161 291.574608971
122.522454663 294.559988946 291.574608971
123.250155718 296.422903645 291.574608971
123.987846758 298.281885068 291.574608971
124.720095376 300.143016971 291.574608971
125.446511784 302.006432975 291.574608971
126.194899852 303.86113384 291.574608971
126.937681205 305.718087222 291.574608971
127.674409941 307.577450222 291.574608971
128.404584999 309.439396619 291.574608971
129.147366352 311.296350001 291.574608971
129.883463254 313.155963227 291.574608971
130.612261951 315.018448787 291.574608971
131.333060509 316.884045056 291.574608971
132.083446025 318.737938682 291.574608971
132.826227377 320.594892064 291.574608971
133.560560447 322.455202506 291.574608971
134.268344642 324.325775021 291.574608971
135.011125994 326.182728403 291.574608971
135.744175031 328.043545189 291.574608971
136.466163236 329.908681385 291.574608971
137.230866822 331.75671505 291.574608971
137.985460596 333.60889977 291.574608971
138.728241949 335.465853151 291.574608971
139.430488832 337.338511507 291.574608971
140.187754524 339.189605419 291.574608971
140.930535876 341.046558801 291.574608971
141.655428399 342.910568144 291.574608971
142.357675282 344.783226499 291.574608971
143.145513879 346.621516559 291.574608971
143.914744648 348.467670405 291.574608971
144.598230774 350.347257252 291.574608971
145.230686307 352.244623848 291.574608971
146.018524904 354.082913908 291.574608971
146.761306256 355.93986729 291.574608971
147.393761788 357.837233886 291.574608971
147.393761788 357.837233886 291.574608971
147.393761788 357.837233886 348.870388484
147.393761788 357.837233886 46.1661679969
147.393761788 357.837233886 94.5739212599
147.234271344 355.843603329 94.5739212599
147.079851534 353.84957361 94.5739212599
146.924391114 351.855624749 94.5739212599
146.767876008 349.861758399 94.5739212599
146.610291853 347.867976256 94.5739212599
146.45162399 345.874280063 94.5739212599
146.298762335 343.880130291 94.5739212599
146.144834298 341.886062549 94.5739212599
145.989824943 339.892078572 94.5739212599
145.833719017 337.898180145 94.5739212599
145.676500941 335.904369101 94.5739212599
145.518154808 333.91064733 94.5739212599
145.358664363 331.917016773 94.5739212599
145.205271366 329.922907802 94.5739212599
145.050753049 327.928885713 94.5739212599
144.89509283 325.93495244 94.5739212599
144.73827376 323.941109974 94.5739212599
144.580278508 321.947360366 94.5739212599
144.421089355 319.953705729 94.5739212599
144.268280632 317.959551899 94.5739212599
144.114298887 315.965488304 94.5739212599
143.959126027 313.971517045 94.5739212599
143.802743536 311.977640289 94.5739212599
143.645132467 309.983860273 94.5739212599
143.486273426 307.990179305 94.5739212599
143.33410534 305.995976488 94.5739212599
143.180712342 304.001867517 94.5739212599
143.026074612 302.007854686 94.5739212599
142.870171846 300.013940362 94.5739212599
142.712983241 298.020126996 94.5739212599
142.554487476 296.026417114 94.5739212599
142.3946627 294.032813331 94.5739212599
142.241918623 292.03865455 94.5739212599
142.087871184 290.044596028 94.5739212599
141.932498015 288.050640367 94.5739212599
141.775776173 286.056790256 94.5739212599
141.617682111 284.063048481 94.5739212599
141.458191667 282.069417924 94.5739212599
141.306166406 280.075204214 94.5739212599
141.152773408 278.081095243 94.5739212599
140.997987914 276.087093876 94.5739212599
140.841784488 274.093203084 94.5739212599
140.684136994 272.099425949 94.5739212599
140.525018567 270.105765665 94.5739212599
140.364401591 268.112225551 94.5739212599
140.211738245 266.118060587 94.5739212599
140.057608608 264.124008417 94.5739212599
139.901984329 262.130072339 94.5739212599
139.744836226 260.13625578 94.5739212599
139.586134257 258.142562301 94.5739212599
139.425847488 256.14899561 94.5739212599
139.274002758 254.154768146 94.5739212599
139.12060976 252.160659175 94.5739212599
138.965636693 250.166672378 94.5739212599
138.809050767 248.172811588 94.5739212599
138.650818165 246.179080803 94.5739212599
138.490903998 244.185484189 94.5739212599
138.339984174 242.191186517 94.5739212599
138.187424499 240.197013619 94.5739212599
138.033189052 238.202969631 94.5739212599
137.877240725 236.209058871 94.5739212599
137.719541164 234.215285853 94.5739212599
137.560050719 232.221655295 94.5739212599
137.398728383 230.228172137 94.5739212599
137.247119085 228.233926761 94.5739212599
137.093726087 226.23981779 94.5739212599
136.938507047 224.245850124 94.5739212599
136.781418103 222.252028903 94.5739212599
136.622413796 220.258359514 94.5739212599
136.461446996 218.264847616 94.5739212599
136.310931658 216.270519375 94.5739212599
136.158509992 214.276335924 94.5739212599
136.00413324 212.282302871 94.5739212599
135.847750749 210.288426115 94.5739212599
135.689309882 208.29471187 94.5739212599
135.528755907 206.301166681 94.5739212599
135.366031888 204.307797449 94.5739212599
135.214742465 202.31352778 94.5739212599
135.061349467 200.319418809 94.5739212599
134.905793753 198.325477381 94.5739212599
134.748013659 196.331710734 94.5739212599
134.587944854 194.338126531 94.5739212599
134.425520187 192.344732885 94.5739212599
134.275567508 190.350362259 94.5739212599
134.123338639 188.356164081 94.5739212599
133.968763624 186.362146387 94.5739212599
133.811769241 184.368317717 94.5739212599
133.652278796 182.37468716 94.5739212599
133.490211905 180.381264394 94.5739212599
133.341861376 178.386773953 94.5739212599
133.191031625 176.392469466 94.5739212599
133.037638627 174.398360495 94.5739212599
132.881594027 172.404457267 94.5739212599
132.722804834 170.410770734 94.5739212599
132.561173096 168.417312638 94.5739212599
132.396595541 166.424095583 94.5739212599
132.247479032 164.429662263 94.5739212599
132.095538448 162.4354421 94.5739212599
131.940665085 160.441447556 94.5739212599
131.782743859 158.447692083 94.5739212599
131.6216528 156.454190222 94.5739212599
131.45726249 154.460957715 94.5739212599
131.310292506 152.466365069 94.5739212599
131.160179495 150.472006504 94.5739212599
131.006786498 148.477897533 94.5739212599
130.849967427 146.484055067 94.5739212599
130.68956625 144.490497578 94.5739212599
130.525416061 142.497245282 94.5739212599
130.357338055 140.504320351 94.5739212599
130.211386778 138.509652903 94.5739212599
130.061806882 136.515254284 94.5739212599
129.908413884 134.521145313 94.5739212599
129.751008913 132.527349015 94.5739212599
129.589377175 130.533890919 94.5739212599
129.423286216 128.540799403 94.5739212599
129.280792116 126.545882003 94.5739212599
129.13412923 124.551266752 94.5739212599
128.983047004 122.556981376 94.5739212599
128.82727167 120.563057094 94.5739212599
128.66650329 118.569529184 94.5739212599
128.50041233 116.576437667 94.5739212599
128.328635646 114.583828129 94.5739212599
128.186141546 112.58891073 94.5739212599
128.038398175 110.594375221 94.5739212599
127.885005177 108.60026625 94.5739212599
127.725514732 106.606635693 94.5739212599
127.559423773 104.613544176 94.5739212599
127.38616454 102.621063 94.5739212599
127.250116764 100.625695614 94.5739212599
127.107622664 98.6307782146 94.5739212599
126.958042767 96.6363795948 94.5739212599
126.800637796 94.6425832975 94.5739212599
126.634546837 92.649491781 94.5739212599
126.458759216 90.657232081 94.5739212599
126.334002644 88.661126924 94.5739212599
126.200964623 86.6655566083 94.5739212599
126.058470523 84.6706392087 94.5739212599
125.905077525 82.6765302376 94.5739212599
125.738986565 80.6834387212 94.5739212599
125.557915073 78.6916523082 94.5739212599
125.358907635 76.7015779278 94.5739212599
125.247967596 74.7046572214 94.5739212599
125.123211024 72.7085520644 94.5739212599
124.980716924 70.7136346648 94.5739212599
124.814625964 68.7205431483 94.5739212599
124.615618526 66.7304687679 94.5739212599
124.367549057 64.7459130144 94.5739212599
124.367549057 62.7459130144 94.5739212599
124.367549057 60.7459130144 94.5739212599
124.367549057 58.7459130144 94.5739212599
124.367549057 58.7459130144 37.2781417468
124.367549057 58.7459130144 339.982362234
124.367549057 58.7459130144 307.620603434
125.588409117 60.330053385 307.620603434
126.804643211 61.9177481381 307.620603434
128.022898565 63.5038924857 307.620603434
129.243200103 65.0884631394 307.620603434
130.462621625 66.6737111176 307.620603434
131.684118583 68.2573604411 307.620603434
132.900852003 69.8446725671 307.620603434
134.119672395 71.4303827713 307.620603434
135.33758418 73.0167909422 307.620603434
136.557613452 74.6015712343 307.620603434
137.775808112 76.1877621973 307.620603434
138.993072546 77.7746671402 307.620603434
140.212494068 79.3599151184 307.620603434
141.43098068 80.9458818194 307.620603434
142.651656964 82.530163805 307.620603434
143.870445049 84.1158988406 307.620603434
145.088275301 85.7023696019 307.620603434
146.308337616 87.2871244562 307.620603434
147.527437169 88.8726200503 307.620603434
148.744582584 90.4596162819 307.620603434
149.96073634 92.0473725739 307.620603434
151.179170752 93.6333793783 307.620603434
152.399917582 95.2176070061 307.620603434
153.619672112 96.8025987684 307.620603434
154.837411523 98.3891392584 307.620603434
156.054127804 99.9764645216 307.620603434
157.27320875 101.561974423 307.620603434
158.494688451 103.145637058 307.620603434
159.71514447 104.730088731 307.620603434
160.933520508 106.316140379 307.620603434
162.150839903 107.903003162 307.620603434
163.370614378 109.487979575 307.620603434
164.589326177 111.073773241 307.620603434
165.805877778 112.661224721 307.620603434
167.024937835 114.246750684 307.620603434
168.242905488 115.833115961 307.620603434
169.463425803 117.417518108 307.620603434
170.682847324 119.002766086 307.620603434
171.900033845 120.589730791 307.620603434
173.119830806 122.174689899 307.620603434
174.33849713 123.760518513 307.620603434
175.559821743 125.344300754 307.620603434
176.775016745 126.932790952 307.620603434
177.992888835 128.519229596 307.620603434
179.213481966 130.103575647 307.620603434
180.432903488 131.688823625 307.620603434
181.655098015 133.271934656 307.620603434
182.87091902 134.859945765 307.620603434
184.089533642 136.445814109 307.620603434
185.306925439 138.032621348 307.620603434
186.527165836 139.617239085 307.620603434
187.744928916 141.203761408 307.620603434
188.961429718 142.791251817 307.620603434
190.18085124 144.376499795 307.620603434
191.3990018 145.962724625 307.620603434
192.620133157 147.546655877 307.620603434
193.838688477 149.132569787 307.620603434
195.055930114 150.719492217 307.620603434
196.276231652 152.304062871 307.620603434
197.495210196 153.889651503 307.620603434
198.717314551 155.472832145 307.620603434
199.932214766 157.061547811 307.620603434
201.15026688 158.647848239 307.620603434
202.371531959 160.231676388 307.620603434
203.59141763 161.81656722 307.620603434
204.808485113 163.403623218 307.620603434
206.024112968 164.99178219 307.620603434
207.243055507 166.577398501 307.620603434
208.465380134 168.160409084 307.620603434
209.686263992 169.744531114 307.620603434
210.904201129 171.330919821 307.620603434
212.120631334 172.918464327 307.620603434
213.340556687 174.503324615 307.620603434
214.564051969 176.085430583 307.620603434
215.779347842 177.673843609 307.620603434
216.998248006 179.259492495 307.620603434
218.215567401 180.846355278 307.620603434
219.436583121 182.430375672 307.620603434
220.656004643 184.01562365 307.620603434
221.872158399 185.603379942 307.620603434
223.092130854 187.188203973 307.620603434
224.310441181 188.774306097 307.620603434
225.532673497 190.357387954 307.620603434
226.745824253 191.947439916 307.620603434
227.962937833 193.534460563 307.620603434
229.184111554 195.118359153 307.620603434
230.403533076 196.703607131 307.620603434
231.627131478 198.285633348 307.620603434
232.841102412 199.87505921 307.620603434
234.059297072 201.461250173 307.620603434
235.275622507 203.048874951 307.620603434
236.49629879 204.633156937 307.620603434
237.721442121 206.213987041 307.620603434
238.936342336 207.802702707 307.620603434
240.155763858 209.387950685 307.620603434
241.373201215 210.97472297 307.620603434
242.59530557 212.557903612 307.620603434
243.813357684 214.14420404 307.620603434
245.029319603 215.732107252 307.620603434
246.250145384 217.31627404 307.620603434
247.468857183 218.902067706 307.620603434
248.692601483 220.483981069 307.620603434
249.904687914 222.074844509 307.620603434
251.121874435 223.661809213 307.620603434
252.344323343 225.244723825 307.620603434
253.564510542 226.829382526 307.620603434
254.780012229 228.417638063 307.620603434
255.993086232 230.007748581 307.620603434
257.211700854 231.593616925 307.620603434
258.43604724 233.17506434 307.620603434
259.657962392 234.758391016 307.620603434
260.874825479 236.345603738 307.620603434
262.089062796 237.934826108 307.620603434
263.309364333 239.519396761 307.620603434
264.535958515 241.09910139 307.620603434
265.748044946 242.68996483 307.620603434
266.966531558 244.275931531 307.620603434
268.182159413 245.864090502 307.620603434
269.40448404 247.447101085 307.620603434
270.623905562 249.032349064 307.620603434
271.8372522 250.622251556 307.620603434
273.057708219 252.206703229 307.620603434
274.275027614 253.793566012 307.620603434
275.499823098 255.374665636 307.620603434
276.721430006 256.958230148 307.620603434
277.936330222 258.546945813 307.620603434
279.159225224 260.129515816 307.620603434
280.378646745 261.714763794 307.620603434
281.606527972 263.293468229 307.620603434
282.814738225 264.887277498 307.620603434
284.031601312 266.474490221 307.620603434
285.244499664 268.064734727 307.620603434
286.466604019 269.647915369 307.620603434
287.698447952 271.223529701 307.620603434
288.907866432 272.816422334 307.620603434
290.127287954 274.401670312 307.620603434
291.342188169 275.990385978 307.620603434
292.567835208 277.57082558 307.620603434
293.783988963 279.158581872 307.620603434
294.995032628 280.750239261 307.620603434
296.21792763 282.332809263 307.620603434
297.435565201 283.919427916 307.620603434
298.666106911 285.496059483 307.620603434
299.866106911 287.096059483 307.620603434
301.07945355 288.685961975 307.620603434
302.307334777 290.264666409 307.620603434
303.528941686 291.848230921 307.620603434
304.736657062 293.442415217 307.620603434
305.936657062 295.042415217 307.620603434
307.153520149 296.62962794 307.620603434
308.389163253 298.202264617 307.620603434
309.61704448 299.780969052 307.620603434
310.827211015 301.37329344 307.620603434
312.027211015 302.97329344 307.620603434
313.250106017 304.555863443 307.620603434
314.499496112 306.117601062 307.620603434
315.738784689 307.687366593 307.620603434
316.953684905 309.276082259 307.620603434
318.153684905 310.876082259 307.620603434
319.389328008 312.448718936 307.620603434
320.60874953 314.033966915 307.620603434
321.785092926 315.651439083 307.620603434
323.012974153 317.230143518 307.620603434
324.212974153 318.830143518 307.620603434
325.493342952 320.366586077 307.620603434
326.742733047 321.928323696 307.620603434
327.852133439 323.592424285 307.620603434
327.852133439 323.592424285 307.620603434
327.852133439 323.592424285 250.324823921
327.852133439 323.592424285 193.029044408
327.852133439 323.592424285 152.354024636
326.080470369 322.664410295 152.354024636
324.307735359 321.738445617 152.354024636
322.53511281 320.812265669 152.354024636
320.761284641 319.888396831 152.354024636
318.987562354 318.96432473 152.354024636
317.21394745 318.040046541 152.354024636
315.440441463 317.115559378 152.354024636
313.667045961 316.190860295 152.354024636
311.892404118 315.268555394 152.354024636
310.117865639 314.346051636 152.354024636
308.343432036 313.423346162 152.354024636
306.569104858 312.500436055 152.354024636
304.796167667 311.574858551 152.354024636
303.02334933 310.649053419 152.354024636
301.250651633 309.723017309 152.354024636
299.478076406 308.796746796 152.354024636
297.705625518 307.870238377 152.354024636
295.931854919 306.946259015 152.354024636
294.15820079 306.022056098 152.354024636
292.384664945 305.097626217 152.354024636
290.611249237 304.172965887 152.354024636
288.836475232 303.250915329 152.354024636
287.061812895 302.328649863 152.354024636
285.287264011 301.406166118 152.354024636
283.512830409 300.483460645 152.354024636
281.736997631 299.563450892 152.354024636
279.964212016 298.637583102 152.354024636
278.191558641 297.711462154 152.354024636
276.419039697 296.785083941 152.354024636
274.646657434 295.858444252 152.354024636
272.872829266 294.934575414 152.354024636
271.099128334 294.010462323 152.354024636
269.32555681 293.086100894 152.354024636
267.552116924 292.161486936 152.354024636
265.777184687 291.23974101 152.354024636
264.002373848 290.317761354 152.354024636
262.227686543 289.395543934 152.354024636
260.453124965 288.473084611 152.354024636
258.678691362 287.550379137 152.354024636
256.905945192 286.624435825 152.354024636
255.133345323 285.69821247 152.354024636
253.360894435 284.771704051 152.354024636
251.588595283 283.844905413 152.354024636
249.814697347 282.921170542 152.354024636
248.0409396 281.997166507 152.354024636
246.267324696 281.072888318 152.354024636
244.493855362 280.148330845 152.354024636
242.720534404 279.223488814 152.354024636
240.945542251 278.301858273 152.354024636
239.17068564 277.379966732 152.354024636
237.395967249 276.457809137 152.354024636
235.621389832 275.535380282 152.354024636
233.848692136 274.609344172 152.354024636
232.076158145 273.68299475 152.354024636
230.30379121 272.756325743 152.354024636
228.531594785 271.829330689 152.354024636
226.757610543 270.905761574 152.354024636
224.983782375 269.981892736 152.354024636
223.210113589 269.057717948 152.354024636
221.436607603 268.133230785 152.354024636
219.663267942 267.208424618 152.354024636
217.888049434 266.287230149 152.354024636
216.112980999 265.365746535 152.354024636
214.338065975 264.443967462 152.354024636
212.563307815 263.521886407 152.354024636
210.790671122 262.595733528 152.354024636
209.018220234 261.669225109 152.354024636
207.245959456 260.742353093 152.354024636
205.473893244 259.815109145 152.354024636
203.702026212 258.88748464 152.354024636
201.928108461 257.963787822 152.354024636
200.154370956 257.039744931 152.354024636
198.380818101 256.115347685 152.354024636
196.607454458 255.190587503 152.354024636
194.831945396 254.269953175 152.354024636
193.0566043 253.348994981 152.354024636
191.281435452 252.42770482 152.354024636
189.506443298 251.506074278 152.354024636
187.733885719 250.579769995 152.354024636
185.961542928 249.65305481 152.354024636
184.189420662 248.725917995 152.354024636
182.417524887 247.798348395 152.354024636
180.645861817 246.870334406 152.354024636
178.871826268 245.946863846 152.354024636
177.0979981 245.022995009 152.354024636
175.324383196 244.098716819 152.354024636
173.550987694 243.174017736 152.354024636
171.775092048 242.254129344 152.354024636
169.999386854 241.333873367 152.354024636
168.223877791 240.413239038 152.354024636
166.448570797 239.492215109 152.354024636
164.673472084 238.570789823 152.354024636
162.901275658 237.64379477 152.354024636
161.12934171 236.716298094 152.354024636
159.357678639 235.788284104 152.354024636
157.586295256 234.859736363 152.354024636
155.812097879 233.936576752 152.354024636
154.038144592 233.012948181 152.354024636
152.26444366 232.088835091 152.354024636
150.491003774 231.164221133 152.354024636
148.717834082 230.23908912 152.354024636
146.941618089 229.319819439 152.354024636
145.16562927 228.400110944 152.354024636
143.38987594 227.479947854 152.354024636
141.614366877 226.559313526 152.354024636
139.842379774 225.631918406 152.354024636
138.070716704 224.703904417 152.354024636
136.299390352 223.775247883 152.354024636
134.528414167 222.845923747 152.354024636
132.753980565 221.923218273 152.354024636
130.979843458 220.99994284 152.354024636
129.206015289 220.076074002 152.354024636
127.432509303 219.151586839 152.354024636
125.65933961 218.226454826 152.354024636
123.882355093 217.308671613 152.354024636
122.105638983 216.390368905 152.354024636
120.329203697 215.471523067 152.354024636
118.553062532 214.552108817 152.354024636
116.781399461 213.624094828 152.354024636
115.01015936 212.695273799 152.354024636
113.239363554 211.765606001 152.354024636
111.469035025 210.835048697 152.354024636
109.69919858 209.903555831 152.354024636
107.924764977 208.980850358 152.354024636
106.150729429 208.057379799 152.354024636
104.377114525 207.133101609 152.354024636
102.603944833 206.207969596 152.354024636
100.825673212 205.292682732 152.354024636
99.047724099 204.376769553 152.354024636
97.2701177642 203.460191286 152.354024636
95.4928764501 202.542905447 152.354024636
93.7281705677 201.601728976 152.354024636
91.9576836168 200.671473121 152.354024636
90.1878471721 199.739980255 152.354024636
88.4187089711 198.807161931 152.354024636
86.6503222029 197.872919865 152.354024636
84.8753300493 196.951289323 152.354024636
83.1008964469 196.02858385 152.354024636
81.3270682785 195.104715012 152.354024636
79.5538985862 194.179582999 152.354024636
77.7730292218 193.269360879 152.354024636
75.9925328959 192.358409271 152.354024636
74.2124461661 191.446657531 152.354024636
72.4328112405 190.534024236 152.354024636
70.6733982134 189.582990167 152.354024636
68.9046287077 188.649472928 152.354024636
67.137052875 187.713697487 152.354024636
65.3708214361 186.775387035 152.354024636
63.6061155537 185.834210565 152.354024636
61.8296802674 184.915364727 152.354024636
60.0541712045 183.994730398 152.354024636
58.279737602 183.072024925 152.354024636
56.5065679097 182.146892911 152.354024636
54.7177135277 181.25246572 152.354024636
52.9288591457 180.358038529 152.354024636
51.1400047637 179.463611338 152.354024636
49.3511503817 178.569184147 152.354024636
47.6146640974 177.576906271 152.354024636
45.8537218976 176.628706625 152.354024636
44.0979307518 175.671002363 152.354024636
42.3496161995 174.699716501 152.354024636
40.6131299153 173.707438624 152.354024636
38.8242755333 172.813011433 152.354024636
37.0354211513 171.918584242 152.354024636
35.2465667693 171.024157051 152.354024636
35.2465667693 171.024157051 95.0582451232
35.2465667693 171.024157051 37.7624656101
35.2465667693 171.024157051 18.6138112373
37.141949763 170.385781529 18.6138112373
39.0379862899 169.749349688 18.6138112373
40.9326674314 169.108894091 18.6138112373
42.8280080654 168.470392813 18.6138112373
44.7240160201 167.833875857 18.6138112373
46.6186389147 167.193247972 18.6138112373
48.5139353404 166.554615481 18.6138112373
50.4078176193 165.911801422 18.6138112373
52.3030912094 165.273101165 18.6138112373
54.1990539275 164.636449477 18.6138112373
56.093584555 163.995548782 18.6138112373
57.9888109284 163.356708431 18.6138112373
59.8847417774 162.719961844 18.6138112373
61.779207367 162.078868926 18.6138112373
63.6743843443 161.439882052 18.6138112373
65.5702818435 160.803036174 18.6138112373
67.4646793424 160.161742079 18.6138112373
69.360559579 159.524844812 18.6138112373
71.2549218197 158.883446573 18.6138112373
73.1500202745 158.244226857 18.6138112373
75.0458647394 157.607223116 18.6138112373
76.9401538906 156.965609049 18.6138112373
78.8351967918 156.326224656 18.6138112373
80.7310037208 155.689109212 18.6138112373
82.6252161379 155.047268641 18.6138112373
84.5202006959 154.407711353 18.6138112373
86.4159681909 153.770478581 18.6138112373
88.3109224647 153.130831569 18.6138112373
90.2066694853 152.49353789 18.6138112373
92.1032205396 151.85864097 18.6138112373
93.9981118747 151.218807532 18.6138112373
95.8938163326 150.581387256 18.6138112373
97.7878190613 149.938928181 18.6138112373
99.6826440857 149.298898395 18.6138112373
101.578303683 148.661344719 18.6138112373
103.472214518 148.018614797 18.6138112373
105.367850765 147.380991696 18.6138112373
107.264345614 146.745926907 18.6138112373
109.159064232 146.105582189 18.6138112373
111.054651807 145.467814407 18.6138112373
112.951121944 144.832675823 18.6138112373
114.845764533 144.192106186 18.6138112373
116.74130062 143.554185388 18.6138112373
118.634958144 142.91070953 18.6138112373
120.529520209 142.269901772 18.6138112373
122.425001738 141.631818882 18.6138112373
124.319521729 140.990886745 18.6138112373
126.21497474 140.352719149 18.6138112373
128.111376498 139.717376428 18.6138112373
130.005808437 139.076184079 18.6138112373
131.901201745 138.437839182 18.6138112373
133.797573139 137.802405836 18.6138112373
135.691911405 137.160936793 18.6138112373
137.587241165 136.522403238 18.6138112373
139.480474541 135.877680521 18.6138112373
141.375770967 135.239048029 18.6138112373
143.272093053 134.60346755 18.6138112373
145.166279035 133.961548967 18.6138112373
147.061505408 133.322708617 18.6138112373
148.957791816 132.687021696 18.6138112373
150.851867471 132.044777652 18.6138112373
152.747018885 131.405714966 18.6138112373
154.64326709 130.769914097 18.6138112373
156.537224491 130.127321407 18.6138112373
158.432295505 129.488020342 18.6138112373
160.329662101 128.85556481 18.6138112373
162.224690686 128.216137987 18.6138112373
164.120876237 127.580150287 18.6138112373
166.014639415 126.936985434 18.6138112373
167.909578256 126.297292704 18.6138112373
169.805717987 125.661168408 18.6138112373
171.699338904 125.017584828 18.6138112373
173.594180836 124.377605102 18.6138112373
175.490271048 123.741333219 18.6138112373
177.385061567 123.101201287 18.6138112373
179.281125489 122.464851067 18.6138112373
181.178492085 121.832395535 18.6138112373
183.073173227 121.191939938 18.6138112373
184.969181181 120.555422981 18.6138112373
186.862391928 119.910633814 18.6138112373
188.756953993 119.269826057 18.6138112373
190.652900955 118.63312745 18.6138112373
192.545921331 117.987779595 18.6138112373
194.44035327 117.346587246 18.6138112373
196.337719867 116.714131714 18.6138112373
198.232082107 116.072733475 18.6138112373
200.127926572 115.435729735 18.6138112373
202.025293168 114.803274203 18.6138112373
203.919505585 114.161433632 18.6138112373
205.81527308 113.52420086 18.6138112373
207.707731373 112.877206572 18.6138112373
209.601778241 112.234877634 18.6138112373
211.497460567 111.597391542 18.6138112373
213.391417968 110.954798853 18.6138112373
215.287054215 110.317175751 18.6138112373
217.184420811 109.684720219 18.6138112373
219.078183988 109.041555367 18.6138112373
220.973720075 108.403634568 18.6138112373
222.871086671 107.771179036 18.6138112373
224.764632161 107.12737357 18.6138112373
226.660055779 106.489118678 18.6138112373
228.557422375 105.856663146 18.6138112373
230.450722187 105.21213555 18.6138112373
232.348088783 104.579680018 18.6138112373
234.241253518 103.934755768 18.6138112373
236.136479891 103.295915418 18.6138112373
238.033846487 102.663459885 18.6138112373
239.926712235 102.01765863 18.6138112373
241.821783249 101.378357565 18.6138112373
243.719149845 100.745902033 18.6138112373
245.611670804 100.099091073 18.6138112373
247.506562139 99.4592576348 18.6138112373
249.403928735 98.8268021028 18.6138112373
251.298719254 98.1866701708 18.6138112373
253.19608585 97.5542146387 18.6138112373
255.087977742 96.9055659901 18.6138112373
256.982539807 96.2647582328 18.6138112373
258.879906403 95.6323027008 18.6138112373
260.771279602 94.9821431638 18.6138112373
262.665568753 94.3405290964 18.6138112373
264.562935349 93.7080735644 18.6138112373
266.453681312 93.0560921977 18.6138112373
268.351047908 92.4236366657 18.6138112373
270.251842167 91.8015585449 18.6138112373
272.145605344 91.1583936921 18.6138112373
274.04297194 90.5259381601 18.6138112373
275.932485164 89.8703927559 18.6138112373
277.825784976 89.2258651603 18.6138112373
279.723151572 88.5934096283 18.6138112373
281.611551935 87.9346653156 18.6138112373
283.504251647 87.2883776091 18.6138112373
285.401618243 86.655922077 18.6138112373
287.293946213 86.0085467189 18.6138112373
289.191312809 85.3760911869 18.6138112373
291.094201846 84.760450616 18.6138112373
292.985575045 84.110291079 18.6138112373
294.882941641 83.477835547 18.6138112373
296.786998764 82.8658171862 18.6138112373
298.676970911 82.2115960584 18.6138112373
300.574337507 81.5791405264 18.6138112373
302.453924354 80.8956544002 18.6138112373
304.35129095 80.2631988681 18.6138112373
306.25845628 79.6609361323 18.6138112373
308.144436947 78.9952958968 18.6138112373
310.041803543 78.3628403648 18.6138112373
311.953361561 77.7746686671 18.6138112373
313.832948408 77.0911825409 18.6138112373
315.730315004 76.4587270089 18.6138112373
317.653362899 75.9092847531 18.6138112373
319.510316281 75.1665034004 18.6138112373
321.407682877 74.5340478684 18.6138112373
323.196537259 73.6396206774 18.6138112373
323.196537259 73.6396206774 321.318031724
323.196537259 73.6396206774 264.022252211
323.196537259 73.6396206774 237.755272061
322.129463871 75.3311745145 237.755272061
321.063998816 77.0237418592 237.755272061
319.997396969 78.7155930644 237.755272061
318.929643209 80.4067175156 237.755272061
317.863523525 82.0988725965 237.755272061
316.796242111 83.7902951882 237.755272061
315.727783235 85.4809742325 237.755272061
314.660985 87.1727016116 237.755272061
313.592999017 88.8636794177 237.755272061
312.523808905 90.5538961212 237.755272061
311.453397944 92.2433399274 237.755272061
310.389320624 93.9367800525 237.755272061
309.324040782 95.6294639738 237.755272061
308.257541349 97.3213797401 237.755272061
307.192791969 99.0143973883 237.755272061
306.126812046 100.706640516 237.755272061
305.059583777 102.398096641 237.755272061
303.994136094 104.090674921 237.755272061
302.927428555 105.78245949 237.755272061
301.859442572 107.473437296 237.755272061
300.793268779 109.165558285 237.755272061
299.725804431 110.856865432 237.755272061
298.657030108 112.547345082 237.755272061
297.586925945 114.236983233 237.755272061
296.518673806 115.927792911 237.755272061
295.449078619 117.617753306 237.755272061
294.383261085 119.310098715 237.755272061
293.319362693 121.003651257 237.755272061
292.254123208 122.696360576 237.755272061
291.187521361 124.388211781 237.755272061
290.122875458 126.081294502 237.755272061
289.056853512 127.773511158 237.755272061
287.989433228 129.464846115 237.755272061
286.924007106 131.157437968 237.755272061
285.857168183 132.849139688 237.755272061
284.788893061 134.539934846 237.755272061
283.71915776 136.229806553 237.755272061
282.65146501 137.920969522 237.755272061
281.582296166 139.61119968 237.755272061
280.511626021 141.300479242 237.755272061
279.443040042 142.991077954 237.755272061
278.378696952 144.684351053 237.755272061
277.312854628 146.376680849 237.755272061
276.249181892 148.070375129 237.755272061
275.183993397 149.763116535 237.755272061
274.11726191 151.454886004 237.755272061
273.052747163 153.148051192 237.755272061
271.98667185 154.840234228 237.755272061
270.919007243 156.531414965 237.755272061
269.849723818 158.221572637 237.755272061
268.782717156 159.913168565 237.755272061
267.714072132 161.603729955 237.755272061
266.643757536 163.293234813 237.755272061
265.575771553 164.984212619 237.755272061
264.506095128 166.674121594 237.755272061
263.434695214 168.362938407 237.755272061
262.372228563 170.057389532 237.755272061
261.308074989 171.75078174 237.755272061
260.242200481 173.443091267 237.755272061
259.178821183 175.136969795 237.755272061
258.113699152 176.829753023 237.755272061
257.046798276 178.521415673 237.755272061
255.978081317 180.211931589 237.755272061
254.911935985 181.904070511 237.755272061
253.843950002 183.595048317 237.755272061
252.774083727 185.284837107 237.755272061
251.706855458 186.976293231 237.755272061
250.63772044 188.666544784 237.755272061
249.566636389 190.355561941 237.755272061
248.498260179 192.046293225 237.755272061
247.43542609 193.740513901 237.755272061
246.370646906 195.433512805 237.755272061
245.308721347 197.128303089 237.755272061
244.244822956 198.821855631 237.755272061
243.178904979 200.514137779 237.755272061
242.110918997 202.205115585 237.755272061
241.045887205 203.89795559 237.755272061
239.978755604 205.589472704 237.755272061
238.909472178 207.279630376 237.755272061
237.843230938 208.971708866 237.755272061
236.774803252 210.662407621 237.755272061
235.704133107 212.351687184 237.755272061
234.636598451 214.042949954 237.755272061
233.566783527 215.732771255 237.755272061
232.494627844 217.421108363 237.755272061
231.434629964 219.117104971 237.755272061
230.372359585 220.811679148 237.755272061
229.307753821 222.504787109 237.755272061
228.240747159 224.196383037 237.755272061
227.177210894 225.890163015 237.755272061
226.111230971 227.582406143 237.755272061
225.042736166 229.27306248 237.755272061
223.977833928 230.965983986 237.755272061
222.910369581 232.657291133 237.755272061
221.840265419 234.346929285 237.755272061
220.773884767 236.038919919 237.755272061
219.704811909 237.729210788 237.755272061
218.632961743 239.417741872 237.755272061
217.56497576 241.108719678 237.755272061
216.494154074 242.797903184 237.755272061
215.431388636 244.492166925 237.755272061
214.372790454 246.189037541 237.755272061
213.311368937 247.884143545 237.755272061
212.247025847 249.577416643 237.755272061
211.179657757 251.26878454 237.755272061
210.116675615 252.962912329 237.755272061
209.050600302 254.655095365 237.755272061
207.981316877 256.345253037 237.755272061
206.916616353 258.038301411 237.755272061
205.84863037 259.729279217 237.755272061
204.777230457 261.418096029 237.755272061
203.71062861 263.109947234 237.755272061
202.640524448 264.799585385 237.755272061
201.566773464 266.486908361 237.755272061
200.498056505 268.177424277 237.755272061
199.439853923 269.874541626 237.755272061
198.378021171 271.569390057 237.755272061
197.312394631 273.261855737 237.755272061
196.252396751 274.957852345 237.755272061
195.18849836 276.651404887 237.755272061
194.120512377 278.342382693 237.755272061
193.058484125 280.037108627 237.755272061
191.992242884 281.729187118 237.755272061
190.921572739 283.41846668 237.755272061
189.857229649 285.111739779 237.755272061
188.788308554 286.802126626 237.755272061
187.71455757 288.489449601 237.755272061
186.647550908 290.181045529 237.755272061
185.575534634 291.86947116 237.755272061
184.498211231 293.554515457 237.755272061
183.435633156 295.248896711 237.755272061
182.380907433 296.948177044 237.755272061
181.320909553 298.644173652 237.755272061
180.255283013 300.336639332 237.755272061
179.198166108 302.03443315 237.755272061
178.135183966 303.728560939 237.755272061
177.06590054 305.418718611 237.755272061
176.00590266 307.114715219 237.755272061
174.939300814 308.806566424 237.755272061
173.865549829 310.4938894 237.755272061
172.802013564 312.187669377 237.755272061
171.730929513 313.876686534 237.755272061
170.651597284 315.560444812 237.755272061
169.563215074 317.238367386 237.755272061
168.48643652 318.923759906 237.755272061
167.435450758 320.625355901 237.755272061
166.375452878 322.321352509 237.755272061
165.330328762 324.026555014 237.755272061
164.275603039 325.725835346 237.755272061
163.209976499 327.418301026 237.755272061
162.161781648 329.12161766 237.755272061
161.101783768 330.817614268 237.755272061
160.028032784 332.504937243 237.755272061
158.938056082 334.181824476 237.755272061
157.8700701 335.872802282 237.755272061
156.783567543 337.551942596 237.755272061
155.674167151 339.216043185 237.755272061
154.592651968 340.898400135 237.755272061
153.483251576 342.562500724 237.755272061
152.454260065 344.277486575 237.755272061
151.482974203 346.025801128 237.755272061
150.490696326 347.762287412 237.755272061
149.461704815 349.477273263 237.755272061
148.567277624 351.266127645 237.755272061
147.153064062 352.680341208 237.755272061