129
10 10 0
10 10 347.005383208
11.9487823914 10.4497190134 347.005383208
13.8953295095 10.909016648 347.005383208
15.8444888116 11.3570992462 347.005383208
17.7913231483 11.8151779136 347.005383208
19.7408942771 12.2614652805 347.005383208
21.6880434166 12.7182039675 347.005383208
23.6380663626 13.1625129932 347.005383208
25.5855620584 13.6177717273 347.005383208
27.536082917 14.0598897886 347.005383208
29.4839619746 14.5135054595 347.005383208
31.436336095 14.9473663751 347.005383208
33.3860531081 15.3930159781 347.005383208
35.3328874448 15.8510946456 347.005383208
37.2831531563 16.2943368528 347.005383208
39.2303857775 16.7507194984 347.005383208
41.1812677816 17.1912412412 347.005383208
43.1289502011 17.6457004724 347.005383208
45.0805293551 18.0831233863 347.005383208
47.0287237556 18.5353828007 347.005383208
48.981097876 18.9692437163 347.005383208
50.9298802674 19.4189627297 347.005383208
52.8746548713 19.8857086347 347.005383208
54.8241195084 20.3324609473 347.005383208
56.7692772917 20.7976073738 347.005383208
58.7195430033 21.2408495809 347.005383208
60.6651554327 21.7040906356 347.005383208
62.6163749449 22.1431150258 347.005383208
64.5625355198 22.6040477936 347.005383208
66.5149096402 23.0379087092 347.005383208
68.4617439769 23.4959873766 347.005383208
70.4054441882 23.9671874279 347.005383208
72.3563261924 24.4077091708 347.005383208
74.3004906095 24.876990237 347.005383208
76.2528647299 25.3108511526 347.005383208
78.1976393339 25.7775970575 347.005383208
80.1519920617 26.2024563462 347.005383208
82.0976044911 26.6656974008 347.005383208
84.054704061 27.0777183629 347.005383208
86.0015383977 27.5357970304 347.005383208
87.9626997491 27.9280293007 347.005383208
89.9114821405 28.377748314 347.005383208
91.841009783 28.9039831256 347.005383208
93.7933839033 29.3378440413 347.005383208
95.7164317986 29.8872862971 347.005383208
97.67759315 30.2795185673 347.005383208
99.5749597461 30.9119740994 347.005383208
99.5749597461 30.9119740994 347.005383208
99.5749597461 30.9119740994 289.709603695
99.5749597461 30.9119740994 232.413824182
99.5749597461 30.9119740994 213.465379346
97.9065213968 32.0148401269 213.465379346
96.251569848 33.1378429635 213.465379346
94.6017051034 34.2683058441 213.465379346
92.9472717208 35.3920719153 213.465379346
91.2982450155 36.5237569091 213.465379346
89.6393711613 37.6409576681 213.465379346
87.9752705726 38.7503580605 213.465379346
86.3167377175 39.8680649847 213.465379346
84.6642830319 40.994738634 213.465379346
83.0061387742 42.1130219705 213.465379346
81.3545368105 43.2409452628 213.465379346
79.7101524272 44.3793652205 213.465379346
78.0595379047 45.5087330517 213.465379346
76.395437316 46.6181334441 213.465379346
74.7388704897 47.7387521795 213.465379346
73.0747699011 48.848152572 213.465379346
71.4189325201 49.9698488623 213.465379346
69.7725069483 51.1053147739 213.465379346
68.1175553995 52.2283176106 213.465379346
66.4731710162 53.3667375683 213.465379346
64.841122054 54.5227722498 213.465379346
63.1659008603 55.6153078109 213.465379346
61.5018002716 56.7247082034 213.465379346
59.824913039 57.8146849046 213.465379346
58.1608124503 58.924085297 213.465379346
56.5127286019 60.0571429428 213.465379346
54.8486280133 61.1665433352 213.465379346
53.20424363 62.3049632929 213.465379346
51.5867714614 63.4813066883 213.465379346
49.9483076203 64.628231377 213.465379346
48.2523110123 65.688229257 213.465379346
46.5882104237 66.7976296494 213.465379346
44.8732245722 67.8266211603 213.465379346
43.2091239836 68.9360215527 213.465379346
43.2091239836 68.9360215527 213.465379346
43.2091239836 68.9360215527 156.169599833
43.2091239836 68.9360215527 98.8738203202
43.2091239836 68.9360215527 58.2985703305
44.260109745 67.234425558 58.2985703305
45.3083045963 65.5311089246 58.2985703305
46.3490449417 63.8232273322 58.2985703305
47.3941690575 62.1180248274 58.2985703305
48.4439464635 60.415683088 58.2985703305
49.4986721871 58.7164027556 58.2985703305
50.5451982538 57.0120603041 58.2985703305
51.5741897646 55.2970744527 58.2985703305
52.6079279627 53.5849455622 58.2985703305
53.6320570473 51.8670516137 58.2985703305
54.6610485582 50.1520657623 58.2985703305
55.695279838 48.4402346784 58.2985703305
56.7351737318 46.7318375672 58.2985703305
57.7641652427 45.0168517158 58.2985703305
58.7990039205 43.3053877486 58.2985703305
59.840218769 41.597795397 58.2985703305
60.8692102799 39.8828095456 58.2985703305
61.9048156387 38.1718093876 58.2985703305
62.9477156576 36.4652457203 58.2985703305
63.998701419 34.7636497255 58.2985703305
65.0353048512 33.0532540624 58.2985703305
66.0804289671 31.3480515576 58.2985703305
67.1351546906 29.6487712252 58.2985703305
68.1731109591 27.9391961948 58.2985703305
69.2213058104 26.2358795614 58.2985703305
70.2813036905 24.5398829534 58.2985703305
71.3211975842 22.8314858421 58.2985703305
72.3739068135 21.1309555487 58.2985703305
73.4418927963 19.4399777427 58.2985703305
74.5283953526 17.7608374284 58.2985703305
75.5089178318 16.0176863541 58.2985703305
76.5011957085 14.2812000699 58.2985703305
77.5089377596 12.5536422681 58.2985703305
78.466642021 10.7978511223 58.2985703305
79.5760424134 9.13375053358 58.2985703305
80.5683202901 7.39726424933 58.2985703305
81.597311801 5.68227839791 58.2985703305
82.491738992 3.89342401591 58.2985703305
83.9059525543 2.47921045353 58.2985703305