95
10 10 0
10 10 346.798912824
11.9471491396 10.4567386871 346.798912824
13.8917000904 10.924415498 346.798912824
15.8391957862 11.3796742321 346.798912824
17.7839703902 11.8464201371 346.798912824
19.7318494478 12.300035808 346.798912824
21.6768724416 12.7657455389 346.798912824
23.625177849 13.217526503 346.798912824
25.5704783112 13.6820758671 346.798912824
27.5192607026 14.1317948805 346.798912824
29.464873132 14.5950359351 346.798912824
31.4157551361 15.0355576779 346.798912824
33.3634375556 15.4900169092 346.798912824
35.3076019728 15.9592979754 346.798912824
37.2557963732 16.4115573898 346.798912824
39.2002436476 16.8796650669 346.798912824
41.1490260389 17.3293840803 346.798912824
43.0938006429 17.7961299853 346.798912824
45.04326528 18.2428822979 346.798912824
46.9884230633 18.7080287244 346.798912824
48.9386887749 19.1512709315 346.798912824
50.8843012042 19.6145119862 346.798912824
52.8355207164 20.0535363764 346.798912824
54.7816812914 20.5144691442 346.798912824
56.7340554118 20.9483300598 346.798912824
58.6808897484 21.4064087272 346.798912824
60.6211747487 21.8914799773 346.798912824
62.5688571682 22.3459392085 346.798912824
64.5091421685 22.8310104586 346.798912824
66.4579245599 23.280729472 346.798912824
68.4026991639 23.747475377 346.798912824
70.3570518917 24.1723346656 346.798912824
72.3026643211 24.6355757202 346.798912824
74.259763891 25.0475966823 346.798912824
76.2065982277 25.5056753498 346.798912824
78.1677595791 25.8979076201 346.798912824
80.1165419705 26.3476266335 346.798912824
82.046069613 26.873861445 346.798912824
83.9984437333 27.3077223607 346.798912824
85.9214916286 27.8571646165 346.798912824
87.88265298 28.2493968867 346.798912824
89.7800195761 28.8818524188 346.798912824
89.7800195761 28.8818524188 346.798912824
89.7800195761 28.8818524188 289.503133311
89.7800195761 28.8818524188 232.207353798
89.7800195761 28.8818524188 202.890551656
87.9375204533 29.6597964929 202.890551656
86.0992303932 30.44763509 202.890551656
84.2753873829 31.2683644447 202.890551656
82.4497508791 32.0850965648 202.890551656
80.6221277818 32.8973734969 202.890551656
78.7838377218 33.6852120941 202.890551656
76.9426741581 34.4663117878 202.890551656
75.1199329587 35.2894852326 202.890551656
73.2949143097 36.1075970408 202.890551656
71.4672912125 36.9198739729 202.890551656
69.6366611476 37.7253512014 202.890551656
67.7905073015 38.4945819707 202.890551656
65.9697743465 39.3221878593 202.890551656
64.1459313362 40.1429172139 202.890551656
62.318308239 40.955194146 202.890551656
60.4859935692 41.7568318141 202.890551656
58.6477035091 42.5446704112 202.890551656
56.7810122967 43.2626285699 202.890551656
54.9602793418 44.0902344585 202.890551656
53.1326562445 44.9025113906 202.890551656
51.2943661845 45.6903499877 202.890551656
49.4374128027 46.4331313404 202.890551656
47.7733122141 47.5425317329 202.890551656
45.7733122141 47.5425317329 202.890551656
45.7733122141 47.5425317329 145.594772143
45.7733122141 47.5425317329 88.2989926301
45.7733122141 47.5425317329 83.2110254256
46.0097379936 45.5565551845 83.2110254256
46.2578074628 43.5719994311 83.2110254256
46.518716488 41.58909084 83.2110254256
46.7395795401 39.6013233706 83.2110254256
46.9732620352 37.615022162 83.2110254256
47.2213315044 35.6304664086 83.2110254256
47.4856589446 33.6480106072 83.2110254256
47.7685016571 31.6681116199 83.2110254256
47.997749873 29.6812937481 83.2110254256
48.2458193422 27.6967379947 83.2110254256
48.5160457517 25.7150776586 83.2110254256
48.7150531897 23.7250032782 83.2110254256
48.9359162419 21.7372358089 83.2110254256
49.1839857111 19.7526800554 83.2110254256
49.4668284235 17.7727810681 83.2110254256
49.7956263981 15.7999932204 83.2110254256
49.9946338362 13.80991884 83.2110254256
50.2427033054 11.8253630866 83.2110254256
50.57150128 9.85257523893 83.2110254256
50.57150128 7.85257523893 83.2110254256
50.57150128 5.85257523893 83.2110254256