427
0.0 0.166218173487 2 [10, 4.3906384259880475] [190, 5.034139534781332]
0.0 31.4140365253 2 [10, -1.3501153112029716] [190, -0.7066142024096873]
2.00000000001 0.679276062271 2 [10, -1.4126119136421602] [190, -0.780880571239674]
2.00000000003 0.0985448269697 2 [10, -1.4763718373550123] [190, -0.8681234591651652]
1.99999999996 0.531772983337 2 [10, -1.5409228310174417] [190, -0.9706316235099273]
2.00000000001 -0.337164426546 2 [10, -1.6057176264397617] [190, -1.0896798765328857]
1.99999999999 -0.164372716105 3 [10, -1.670228298879942] [92, -0.26873496386332896] [190, -1.225468716152541]
2.0 -0.341254429081 3 [10, -1.7339412147751165] [92, -0.2831785303042613] [190, -1.3758736970786059]
1.99999999994 0.0968639930895 3 [10, -1.7963351821227178] [92, -0.2993463365636737] [190, -1.53582652309629]
2.00000000008 -0.437626133632 3 [10, -1.8570154291585905] [92, -0.3173417191669827] [190, -1.69760449964817]
2.0 0.37923148733 3 [10, -1.915638796774076] [92, -0.33749099441336305] [190, -1.853136914783584]
1.99999999992 0.883204380835 3 [10, -1.9718617265362304] [92, -0.36041995089039336] [190, -1.9958559952552144]
2.00000000002 -1.01249544575 3 [10, -2.025559741388232] [92, -0.38644678534973753] [190, -2.1224255122734292]
1.99999999998 -0.845693518709 3 [10, -2.0766231019964665] [92, -0.4162202536012476] [190, -2.232145758068407]
2.00000000005 -0.671350444118 3 [10, -2.1250065013529533] [92, -0.45056898691565106] [190, -2.3260816824578288]
2.00000000001 -0.256328627724 4 [10, -2.1706103629529894] [92, -0.4908548888323754] [96, 0.32215882244331695] [190, -2.4058344818154542]
2.00000000001 -0.973788303849 4 [10, -2.213585739808361] [92, -0.5382084622041088] [96, 0.3393759375623633] [190, -2.473789982185778]
2.0 0.963646248361 5 [10, -2.253825104916176] [92, -0.5949884319741683] [96, 0.3581797396871078] [163, -1.267841432183129] [190, -2.5314487642814765]
1.99999999997 0.137842845153 4 [92, -0.6633748579822489] [96, 0.3789596731286844] [163, -1.316827212166654] [190, -2.580738472262895]
1.99999999999 0.227244998725 4 [92, -0.7459553259825382] [96, 0.40226766576690487] [163, -1.3670535088867704] [190, -2.6233735644232095]
2.0 0.405338045308 4 [92, -0.8461828284106101] [96, 0.428549680485121] [163, -1.418315661779939] [190, -2.6605119572473455]
2.00000000005 0.768406872639 4 [92, -0.9677020632411484] [96, 0.4583521208502299] [163, -1.470379723228544] [190, -2.693088340035432]
1.99999999997 -0.0361991905311 4 [92, -1.1136353762020708] [96, 0.4920793542720743] [163, -1.5229976431644818] [190, -2.7216166021363235]
2.0 0.154444947451 4 [92, -1.2834924888481334] [96, 0.5307971097559872] [163, -1.5758634496590158] [190, -2.746963438502474]
2.00000000001 0.453691601938 4 [92, -1.4718988351653293] [96, -5.70765813128333] [163, -1.6286940047022647] [190, -2.769621189596377]
2.00000000004 0.00947256837464 4 [92, -1.6674276483547121] [96, -5.655980121062679] [163, -1.681183534527423] [190, -2.7897735203199705]
1.99999999995 0.150678073599 4 [92, -1.8557330320290686] [96, -5.595536498649912] [163, -1.7330632203050955] [190, -2.807982498547354]
1.99999999998 -0.750232814581 4 [92, -2.0254947227242748] [96, -5.524513241304753] [163, -1.784082097448287] [190, -2.8245184753118804]
2.00000000001 -0.0348385093008 3 [92, -2.171365612698638] [96, -5.440863518079156] [163, -1.834015388285203]
2.0 0.0776674350526 3 [92, -2.2928169890410994] [96, -5.342841029598948] [163, -1.8826007314293216]
1.99999999999 0.313109065565 2 [92, -2.3930131134430788] [96, -5.22833822988673]
1.99999999998 -0.281767802281 3 [92, -2.475603812485552] [96, -5.096729231041424] [194, -0.8309640758177119]
2.00000000009 0.212219983632 3 [92, -2.543616920822951] [96, -4.949718970512599] [194, -0.8704660938763702]
2.0 -0.344477311102 3 [92, -2.6004168808281563] [96, -4.791420010386721] [194, -0.9127189100287749]
2.00000000002 -0.356205249333 3 [92, -2.6483216115878636] [96, -4.629085120801606] [194, -0.9578658931199309]
1.99999999997 -0.220237911196 3 [92, -2.689134257726716] [96, -4.471125124680082] [194, -1.0060259497917432]
2.0 -0.0883322080335 3 [92, -2.723880798585033] [96, -4.324422768317348] [194, -1.0574331324971507]
1.99999999994 -0.0753070427992 3 [92, -2.754040638432276] [96, -4.193446626050112] [194, -1.1119492687804637]
2.00000000006 -0.20309111222 3 [92, -2.780449999939053] [96, -4.079632408195837] [194, -1.1695311244012982]
2.00000000001 0.141447516893 3 [92, -2.80343475764103] [96, -3.9818617798026876] [194, -1.2301719350162887]
2.00000000001 -0.713116228982 3 [92, -2.823868764358285] [96, -3.8987761722189607] [194, -1.2934966135685526]
1.99999999996 0.045448095244 3 [92, -2.842162669148382] [96, -3.8282829264234195] [194, -1.3591728373510312]
1.99999999996 -0.555269604339 3 [92, -2.8586472611435445] [96, -3.7683433363622765] [194, -1.4267664260573092]
2.00000000005 0.621726955981 3 [92, -2.8732960041997893] [96, -3.7167183573968945] [194, -1.4957844801706042]
2.0 -0.221075057376 2 [96, -3.672353997977213] [194, -1.5655417282595545]
1.99999999999 0.879335988607 2 [96, -3.6340065225109845] [194, -1.6353974171946328]
1.99999999997 -0.495886422585 2 [96, -3.6002584567716998] [194, -1.7046513534435839]
2.00000000005 -1.04233911774 2 [96, -3.5700725987432684] [194, -1.772542492912185]
1.99999999999 -0.134574545092 2 [96, -3.5434794717420823] [194, -1.8385824504072108]
2.0 -0.55335494738 2 [96, -3.5195623722131018] [194, -1.902180360082915]
2.00000000001 -0.574745918578 2 [96, -3.4982706487606134] [194, -1.9630952832244186]
2.00000000002 -0.210395140226 2 [96, -3.4792366314255925] [194, -2.0210998977540258]
1.99999999995 -0.57524512365 2 [96, -3.462156503356439] [194, -2.0760652720413773]
2.00000000003 0.199629455912 1 [194, -2.127710833020898]
2.00000000036 -0.380882903577 1 [194, -2.176271523848269]
1.99999999961 -0.342642744484 1 [194, -2.2218343660710205]
2.0000000004 0.394146729313 1 [194, -2.2645246861839783]
1.99999999962 0.198573980963 1 [194, -2.304195595240723]
1.99999999966 -0.212949283541 1 [194, -2.34129568994019]
2.00000000007 -0.839000783152 0
2.00000000016 0.97593002546 0
2.00000000052 0.357736560421 1 [198, 0.28365064394816475]
1.99999999985 0.126089709934 1 [198, 0.2986120568991826]
1.99999999948 0.335367889479 1 [198, 0.31537399102851627]
2.00000000052 0.0940132880258 1 [198, 0.33361950479610236]
1.99999999996 0.720928740954 1 [198, 0.35425457631612467]
1.99999999974 -0.947960069688 1 [198, 0.37772816595463343]
1.99999999961 0.879678651106 1 [198, 0.4037587933449096]
2.00000000077 -0.216011906398 1 [198, 0.4337294620439174]
1.99999999932 1.23346364852 1 [198, 0.46848291502040595]
2.00000000046 -0.177603142946 1 [198, 0.5079293140511689]
1.99999999963 -0.279369412725 2 [179, -5.078233124324644] [198, -5.728842019131515]
2.00000000054 0.035681984762 2 [179, -5.029877576643376] [198, -5.673813584217759]
1.99999999999 -0.0386967869239 2 [179, -4.9798953034404825] [198, -5.608132917206767]
1.99999999981 0.282492166455 2 [179, -4.928725389271912] [198, -5.531126263459796]
1.99999999966 -1.02562771009 2 [179, -4.876341713061635] [198, -5.4384803883441295]
1.99999999996 0.214774027094 2 [179, -4.823058351481063] [198, -5.327437532985568]
2.00000000063 1.26902965214 3 [15, -0.01584395065198585] [179, -4.769454316326971] [198, -5.2011053431850405]
1.99999999999 -0.0257718914474 4 [12, 0.1282483513041468] [15, -0.0158263128105105] [179, -4.715278050973429] [198, -5.050344802309409]
1.99999999978 1.21840098834 4 [12, 0.13400512962757993] [15, -0.01807888282992476] [179, -4.661077715175232] [198, -4.884101868940834]
2.0000000002 0.255844071737 4 [12, 0.1409420055103876] [15, -0.020061259528702635] [179, -4.607083094055676] [198, -4.706276889300323]
2.00000000017 -0.119887567672 4 [12, 0.1469684310424464] [15, -0.024169227938204862] [179, -4.553414325817926] [198, -4.5271399881167245]
1.99999999976 0.0882633990288 4 [12, 0.15428861128428384] [15, -0.028309446661690885] [179, -4.500478323779192] [198, -4.357069777337813]
1.99999999964 0.00384005165027 4 [12, 0.17043445468645846] [15, -0.024606518085279028] [179, -4.450191325119124] [198, -4.213121800246371]
2.0 0.22014347178 4 [12, 0.17734079397508395] [15, -0.03294960865675378] [179, -4.399152241595982] [198, -4.078407457591524]
2.0 1.27628341595 4 [12, 0.18536855273283592] [15, -0.042750169828234874] [179, -4.349326913959458] [198, -3.962897361838361]
2.00000000046 -0.0966787389425 3 [12, 0.22195524371846798] [15, -0.023624106759490004] [198, -3.8964194314024514]
0.0 -0.369062090438 3 [12, 0.22195524371846798] [15, -0.023624106759490004] [198, -3.8964194314024514]
0.0 57.7226789864 3 [12, 1.22195524371703] [15, 0.976375893239072] [198, -2.8964194314038894]
0.0 18.9237460655 3 [12, 1.5561988719344857] [15, 1.3106195214565277] [198, -2.5621758031864337]
2.00000000007 0.233562567585 3 [12, 1.6441407102274654] [15, 1.405615743500185] [198, -2.6224995245353404]
1.99999999994 -0.549804906338 3 [12, 1.7309797321904057] [15, 1.5037011521763715] [198, -2.6722087867880675]
2.0000000004 0.493846753223 3 [12, 1.8154961416181168] [15, 1.6031195595521668] [198, -2.7136550227688074]
1.99999999941 0.390237781194 4 [12, -4.386609168646231] [15, 1.7019253131978864] [113, 0.27946299680171993] [198, -2.7488561661182547]
2.00000000046 -0.751090213091 4 [12, -4.309656321914489] [15, 1.7982843053042679] [113, 0.29399701524592103] [198, -2.778776325478625]
2.00000000027 0.543000689945 4 [12, -4.237354539459559] [15, -4.392563070523997] [113, 0.3100245719976753] [198, -2.804510222723525]
1.9999999998 -0.654802570696 5 [12, -4.170086947179624] [15, -4.305544474268273] [63, -0.7060228253287959] [113, 0.32797652862714877] [198, -2.8270489167510924]
2.00000000015 -0.579012894047 5 [12, -4.107787407756946] [15, -4.224504645474643] [63, -0.7405469935454683] [113, 0.3479860598551401] [198, -2.846754101093291]
1.9999999994 -0.189265562519 5 [12, -4.050481407726415] [15, -4.149923067369361] [63, -0.7777899235654311] [113, 0.37063356250234225] [198, -2.864297096554757]
2.00000000029 0.964683031753 5 [12, -3.9978063613358996] [15, -4.081670693002093] [63, -0.8181216440529431] [113, 0.39619506153498474] [198, -2.8798397317289997]
1.99999999986 0.107574558383 5 [12, -3.949465315310562] [15, -4.019509276830312] [63, -0.8617815008581173] [113, 0.42525050230060835] [198, -2.893686813179904]
2.0000000001 0.909194687371 5 [12, -3.905280885554456] [15, -3.9632274630738085] [63, -0.9088657895104171] [113, 0.45878387916395535] [198, -2.906258235676547]
1.9999999998 -0.414942713037 4 [12, -3.8647626540952267] [15, -3.9121982206334716] [63, -0.9597122802927696] [113, 0.4975030006729666]
1.99999999989 0.0717615915431 4 [12, -3.827728547017365] [15, -3.866105553843638] [63, -1.014355230653762] [113, 0.5428818112584333]
2.00000000001 -0.786066781637 4 [12, -3.793707706705365] [15, -3.824291794150967] [63, -1.07301824425668] [113, 0.596183889618338]
2.00000000004 1.07401966999 4 [12, -3.762359357937256] [15, -3.7862471290218327] [63, -1.135726493412435] [113, 0.6592326181516084]
2.00000000076 0.127805835741 3 [15, -3.7517747456465136] [63, -1.202208283373468] [113, 0.7348416012990118]
1.99999999974 0.0138270791073 3 [15, -3.720322991335767] [63, -1.2722914357688988] [113, 0.8255489010286023]
1.99999999992 0.174225309094 3 [15, -3.691715733009535] [63, -1.3454517809276654] [113, 0.9347635192606356]
2.00000000019 0.115337686552 3 [63, -1.4211504273488096] [113, 1.064805550414591] [122, 0.21461164587373283]
1.9999999999 -0.154340255348 4 [63, -1.498593045920197] [113, 1.2166312087719717] [122, 0.2261814446306527] [132, 0.7945528151613495]
2.00000000004 0.220070344074 4 [63, -1.5768675090800057] [113, 1.387793769464401] [122, 0.23920091928994314] [132, 0.832853907370418]
2.00000000017 -0.867606897522 4 [63, -1.6550417337138112] [113, 1.5704984902812615] [122, 0.25370357186959325] [132, 0.8739796367967783]
1.99999999967 0.320866522502 4 [63, -1.732195928142303] [113, 1.7533279648203095] [122, 0.27020636317288727] [132, 0.9182447819304276]
1.9999999997 0.0331312814857 4 [63, -1.807432948660849] [113, -4.3583669172232895] [122, 0.2888505789609672] [132, 0.9656747189911865]
2.00000000019 0.860338044953 4 [63, -1.879987189136974] [113, -4.205814585467376] [122, 0.3100871459399803] [132, 1.0163993501964192]
1.99999999999 0.408663470087 4 [63, -1.9493308502875286] [113, -4.075186912977827] [122, 0.3347027922537631] [132, 1.0705837531831737]
2.00000000035 0.755138969331 4 [63, -2.0149901661652145] [113, -3.9654337056183024] [122, 0.36328815290533] [132, 1.1281523209778834]
1.99999999945 -0.318895021133 4 [63, -2.0768413061235846] [113, -3.87428609173446] [122, 0.39721075531387484] [132, 1.189133599488219]
2.00000000064 0.0664672450046 4 [63, -2.1346677487286785] [113, -3.798306796929359] [122, 0.4375574744365611] [132, 1.2532271871451854]
1.99999999937 -0.582414715557 4 [63, -2.1884813539136196] [113, -3.734640129833893] [122, 0.4862212437555655] [132, 1.3201342370109828]
2.00000000061 0.422069882309 4 [63, -2.2385415359712337] [113, -3.6812128768830172] [122, 0.5462635414138441] [132, 1.3894849643206255]
1.99999999985 0.19565362001 4 [63, -2.284872102822585] [113, -3.635729042754039] [122, 0.620940439351668] [132, 1.460645306492153]
1.99999999933 -0.414884893885 4 [63, -2.3278417580863944] [113, -3.596960464166481] [122, 0.7157384545705403] [132, 1.5329806939448218]
2.00000000054 0.0246931944047 4 [63, -2.3675236549211647] [113, -3.5633784308065444] [122, 0.8366807769506472] [132, 1.6057217897674816]
1.99999999959 1.27556227579 4 [63, -2.4043184360018426] [113, -3.534319281565383] [122, 0.9915900050543245] [132, 1.6780959992975095]
2.00000000036 0.414504422159 4 [63, -2.4382998287697264] [113, -3.5087444163864068] [122, 1.1851715293772154] [132, 1.7493738880468532]
1.99999999972 0.258919558042 3 [113, -3.485992887870581] [122, 1.4142178508661498] [132, 1.818925236697508]
2.00000000047 0.47504221415 3 [113, -3.4659249793466564] [122, 1.6611666742991584] [132, -4.397093271155605]
1.99999999935 0.470538438815 3 [113, -3.447904414767755] [122, -4.385207958206474] [132, -4.332691854259264]
2.00000000074 0.218143920269 3 [113, -3.431850548421947] [122, -4.18078123017842] [132, -4.271487620336461]
1.99999999958 -0.578691113291 3 [113, -3.4172758726572376] [122, -4.015422414090449] [132, -4.213572440360436]
2.00000000036 -0.77459026063 2 [122, -3.8854199166952412] [132, -4.15902537574574]
1.99999999969 -0.241182358488 2 [122, -3.7841491891611163] [132, -4.107990845241957]
2.0 -0.334075218882 2 [122, -3.7041951103403554] [132, -4.060252472073137]
2.00000000024 -0.65035580828 2 [122, -3.640631820422195] [132, -4.015845056947718]
1.99999999962 -0.123532102476 2 [122, -3.5889315044543753] [132, -3.974449360741523]
2.00000000033 0.193958688991 2 [122, -3.5462176786062622] [132, -3.935882303320105]
2.00000000026 1.09058455527 2 [122, -3.510683470720414] [132, -3.9000703473608787]
1.99999999985 -0.331682425888 1 [122, -3.4805081831698876]
1.99999999978 -0.0618017055754 1 [122, -3.454926110005788]
2.00000000022 -1.17167325832 1 [122, -3.432709854136762]
1.99999999968 -0.336543154221 1 [122, -3.4132284421897574]
1.99999999987 -0.00788767396806 1 [122, -3.3962967136399502]
2.00000000005 -0.0557126932113 1 [122, -3.381203387588064]
2.00000000017 0.37395143748 2 [101, 0.5876505643815353] [122, -3.3679278884543153]
2.00000000013 0.263329297671 2 [101, 0.6166239984535729] [122, -3.355931845575537]
2.00000000015 0.478428444582 2 [101, 0.6480987663751776] [122, -3.34502615543739]
1.99999999969 0.259535681925 1 [101, 0.6825907491980292]
1.99999999957 -0.86327504577 1 [101, 0.7201157672034082]
2.00000000074 -0.393949847953 1 [101, 0.7613257588031495]
1.99999999967 -1.58719065594 1 [101, 0.8063448242442455]
2.00000000019 0.44447687511 1 [101, 0.855541855066666]
2.00000000002 -0.252068173808 1 [101, 0.9095249644005383]
1.99999999974 0.511728282754 1 [101, 0.968372529012405]
2.00000000007 -0.654832580225 1 [101, 1.032568806961815]
2.00000000035 -0.00844974169356 1 [101, 1.101997632168941]
2.00000000023 -1.11149919212 1 [101, 1.1766159457019407]
1.99999999954 -0.985856937954 1 [101, 1.256310400014879]
1.99999999981 0.859893078504 1 [101, 1.3403033415555736]
1.99999999978 -1.38430629647 1 [101, 1.4277888188165608]
2.00000000004 0.304274309234 2 [50, -1.3973296564922317] [101, 1.5175183182263225]
1.99999999979 -0.829494251881 2 [50, -1.447408009112372] [101, 1.6081562694370035]
2.00000000031 0.842855296853 2 [50, -1.4980781905265186] [101, 1.6982158512545835]
2.00000000015 0.570528987406 2 [50, -1.549123830835188] [101, 1.7863036169480049]
1.99999999982 -0.598081829678 2 [50, -1.6002731608266014] [101, 1.8710708201164667]
2.00000000004 -0.744607213111 2 [50, -1.6512642900974641] [101, -4.33150587633673]
2.00000000027 0.220979512575 2 [50, -1.7018162400400998] [101, -4.2556704499927385]
1.99999999988 -0.10069075609 2 [50, -1.7517228829586] [101, -4.185203143615229]
2.00000000029 0.745213847608 1 [101, -4.119970492312614]
1.99999999981 0.256268993374 2 [2, -0.7194393365587906] [101, -4.06016411610838]
2.00000000009 0.593812708774 2 [2, -0.7540396895291739] [101, -4.005167267417456]
1.99999999953 -0.617047520294 3 [2, -0.7914764333378042] [29, 1.3532886403240045] [101, -3.954750819453514]
1.99999999996 0.0754014415502 3 [2, -0.8316998275936855] [29, 1.4031530650694517] [101, -3.908881314329719]
2.00000000005 -0.108461616388 3 [2, -0.8751997286799535] [29, 1.4538603016645464] [101, -3.866866881015963]
2.00000000073 -0.456048404556 3 [2, -0.9219085906280693] [29, 1.5052127064180425] [101, -3.8286710683475906]
1.99999999965 -0.294274566785 3 [2, -0.9722833373556861] [29, 1.5569052814382873] [101, -3.7936140167506425]
1.99999999976 -0.177409928568 3 [2, -1.0264532248515432] [29, 1.6086857576847269] [101, -3.761373927589702]
2.00000000039 1.30427046124 3 [2, -1.0842282007784063] [29, 1.6602657085194181] [101, -3.7319852972584244]
1.99999999939 0.55349878461 2 [2, -1.1458470047584184] [29, 1.7113917029718504]
2.00000000044 -0.102460206991 2 [2, -1.2109475908721374] [29, 1.7617532774574114]
1.99999999985 0.703905316691 2 [2, -1.2795395284730997] [29, 1.8112071367042315]
2.00000000006 0.00493998249996 2 [2, -1.3510844648441678] [60, -0.49828970457879107]
1.99999999955 0.018949985335 2 [2, -1.424861151788226] [60, -0.5233743352991413]
2.00000000073 0.803263681578 2 [2, -1.5002764279167016] [60, -0.5509900808600436]
2.00000000011 -0.374823213708 2 [2, -1.5764578051749418] [60, -0.581043538955345]
1.99999999984 0.185713163823 2 [2, -1.6525693122542497] [60, -0.6142948065466016]
1.99999999966 0.215097883464 2 [2, -1.7276825525776025] [60, -0.6511617885658012]
1.99999999968 0.381874265108 2 [2, -1.8010958943146727] [60, -0.6916327541709224]
1.99999999991 -0.0701903793988 2 [2, -1.8719998266932976] [60, -0.73667129428615]
2.00000000054 -0.39842935622 2 [2, -1.9400414682442673] [60, -0.7863222856129624]
1.99999999984 0.471098914617 2 [2, -2.004609422827739] [60, -0.8416538232535125]
2.00000000051 0.529086724819 4 [2, -2.065312561423265] [60, -0.903388478127257] [129, 0.5215583221464186] [166, -0.39061709628076713]
1.99999999918 -0.715427832557 4 [2, -2.122443987636471] [60, -0.9713508602218703] [129, 0.5486054472809068] [166, -0.41139110844829885]
2.00000000038 -0.312193456755 5 [2, -2.1756782672346615] [60, -1.046416403874094] [129, 0.5780993435706723] [166, -0.43454558358686723] [178, 1.1931155890352905]
2.0000000003 1.28077501929 5 [2, -2.2254748397388933] [60, -1.1282472005518418] [129, 0.6108852028451395] [166, -0.45987000902925335] [178, 1.2413767939031777]
1.99999999924 -0.827726535031 5 [2, -2.2715987290122737] [60, -1.2171085174586374] [129, 0.6468429828236628] [166, -0.4883171896526348] [178, 1.2912159995403254]
2.00000000022 -0.340800747661 6 [2, -2.314219423408521] [60, -1.31225100534571] [129, 0.6863873146930866] [161, 0.543663191334371] [166, -0.520399978626731] [178, 1.3424835872143053]
2.00000000014 0.294028332521 6 [2, -2.3539783343075866] [60, -1.4121655365167296] [129, 0.7305873459177601] [161, 0.5713054510109714] [166, -0.5560255387956583] [178, 1.395107550445549]
2.00000000001 0.391923267509 6 [2, -2.3906601323191663] [60, -1.5154054290062287] [129, 0.7793883659201084] [161, 0.6013440947260467] [166, -0.5965429987524087] [178, 1.448699752239917]
2.00000000057 0.550395404449 6 [2, -2.4249361222190924] [60, -1.6197939046534344] [129, 0.8339705225067489] [161, 0.6346460617548724] [166, -0.6420047667460733] [178, 1.5030558381137782]
1.99999999951 0.0310170456494 5 [60, -1.7231403606215818] [129, 0.8942669079589383] [161, 0.6710147514338978] [166, -0.6941120746619389] [178, 1.5577895965792958]
2.00000000004 0.19907503698 5 [60, -1.8231839355700559] [129, 0.9607938997875936] [161, 0.7108227361695292] [166, -0.7539785687940057] [178, 1.6126153450810543]
2.00000000019 -0.870002286183 5 [60, -1.918365448981167] [129, 1.0344026252913006] [161, 0.7549330929438733] [166, -0.8222005677944058] [178, 1.667202690228149]
1.99999999963 0.269207430682 5 [60, -2.0071973101284275] [129, 1.114873501686847] [161, 0.8033708627331491] [166, -0.9006012138862656] [178, 1.7212677907087892]
1.99999999999 -0.128192599075 5 [60, -2.0895270642263966] [129, 1.2026433244188297] [161, 0.8572855699528716] [166, -0.9894058902435408] [178, 1.7744066490790669]
1.99999999994 -0.614911147197 6 [25, 0.006640999564013761] [60, -2.1645783541521797] [129, 1.2965840626273328] [161, 0.9164708365140566] [166, -1.0902557535505584] [178, 1.8264625475696352]
2.00000000027 0.123955949086 6 [25, 0.006538682040997834] [60, -2.232413714870644] [129, 1.3957106939199528] [161, 0.9813441415646329] [166, -1.203056664055039] [178, -4.405942803310459]
2.00000000026 -0.281409006473 6 [25, 0.006962655882762903] [60, -2.2941555433561147] [129, 1.4986865004621306] [161, 1.0528951864041245] [166, -1.3259539537572227] [178, -4.356862507687853]
1.99999999942 0.928356052723 6 [25, 0.007085578308846152] [60, -2.3495414170035236] [129, 1.6032125611692454] [161, 1.1305520297535798] [166, -1.4569620319355323] [178, -4.309397479030012]
2.0000000004 0.653423464073 6 [25, 0.007883104030799615] [60, -2.399948423922836] [80, -0.5102459931352077] [129, 1.7070019507512466] [161, 1.2147359224852243] [166, -1.591838079011762]
1.99999999955 -0.785587339849 6 [25, 0.008372261421496496] [60, -2.445100060056477] [80, -0.5359556505819683] [129, 1.8079688522244464] [161, 1.304285112637924] [166, -1.7260180502734102]
2.00000000054 0.452061166085 6 [25, 0.008446854023355321] [60, -2.4855186158954385] [80, -0.5643970340577904] [129, -4.378708899250955] [161, 1.3983299447601052] [166, -1.8545506677720298]
1.99999999962 0.241785416082 6 [25, 0.009444198280284866] [60, -2.522596794543412] [80, -0.595061315103778] [129, -4.288540568400572] [161, 1.4957790927751962] [166, -1.974483674895521]
1.99999999999 0.157370996426 6 [25, 0.009499893467199705] [60, -2.5555984432516285] [80, -0.6294245708387121] [129, -4.204645550071255] [161, 1.5946239685096995] [166, -2.082687192911346]
2.00000000051 -0.25776169955 6 [25, 0.010718079786071755] [60, -2.5861182475377342] [80, -0.6667036004241007] [129, -4.128334543994398] [161, 1.6930382245644164] [166, -2.1797365919862655]
1.99999999938 0.699592804821 6 [25, 0.01141225681971747] [60, -2.6135914261871105] [80, -0.7082805984701648] [129, -4.058677837664184] [161, 1.7892317242111906] [166, -2.2648236647489903]
2.0000000004 -0.139900133324 6 [25, 0.011306561985348296] [60, -2.6383239988103213] [80, -0.7546906080549269] [129, -3.995262859942062] [161, -4.401386879512347] [166, -2.338749250002868]
1.9999999996 -0.761003879909 5 [25, 0.013014389052282027] [80, -0.8053564104120978] [129, -3.9387184607390098] [161, -4.314270979125713] [166, -2.4041588656080424]
2.00000000054 0.521296321806 5 [25, 0.013908243063541548] [80, -0.8619276919172747] [129, -3.887360086611722] [161, -4.232762938900179] [166, -2.460794962844517]
2.00000000011 -0.00715679917227 5 [25, 0.01798992573478575] [80, -0.9237241042180657] [129, -3.8418519938123685] [161, -4.158180420918244] [166, -2.5113666829167007]
1.99999999924 -0.306829163366 6 [25, 0.02185176644712783] [80, -0.9924200554769125] [119, 0.6883482423758966] [129, -3.800376914206399] [161, -4.089561891353922] [166, -2.555305765190175]
2.00000000011 0.400828120926 6 [25, 0.024941115270259218] [80, -1.0682896892750957] [119, 0.721709716497009] [129, -3.7623953679311417] [161, -4.026579714834944] [166, -2.5934811903160764]
2.00000000047 -0.472919920598 6 [25, 0.038435273137701564] [80, -1.1501648879618376] [119, 0.7585960645449088] [129, -3.7288408538715214] [161, -3.9702294039164934] [166, -2.628342627878028]
1.99999999939 -0.41770323046 6 [25, 0.06407189531932733] [80, -1.2389624880481942] [119, 0.7981052269323587] [129, -3.697872403450918] [161, -3.91866023723549] [166, -2.658799952935142]
2.0000000004 1.73972256124 6 [25, 0.28480700582952156] [80, -1.3331960169042865] [119, 0.8413492782597638] [129, -3.6701415250531215] [161, -3.872435947931744] [166, -2.6865889176833653]
1.99999999958 -0.170126988916 6 [25, -3.257781888273155] [80, -1.4322012759786467] [119, 0.8876801936931953] [129, -3.644287441680696] [161, -3.8299628845623914] [166, -2.710936994679614]
2.0 -0.117112565268 5 [25, -3.1765047162862237] [80, -1.5338874137893934] [119, 0.9372712220868733] [161, -3.7907130904330737] [166, -2.7321842499130287]
2.00000000094 -0.279466949022 6 [25, -3.164369567454637] [76, 0.9457740564224686] [80, -1.6360656415293424] [119, 0.9918655682008479] [161, -3.756122326818092] [166, -2.7525752715040115]
1.99999999957 -0.651740210413 5 [25, -3.1543094393946336] [76, 0.987362504350279] [80, -1.736659258818023] [119, 1.0500448926877546] [161, -3.723875712839283]
1.99999999989 -0.199952778862 5 [25, -3.154981140168989] [76, 1.0322738218464984] [80, -1.8344813632779942] [119, 1.1134991849987426] [161, -3.695774787364986]
1.99999999994 -0.991089175015 5 [25, -3.1521055096262955] [76, 1.0791533637828135] [80, -1.9270820585143795] [119, 1.1804681907567645] [161, -3.669271142312305]
1.99999999973 -0.471322190458 4 [25, -3.146418197020955] [76, 1.1279180814607859] [80, -2.0126730302263485] [119, 1.250751003182061]
2.00000000084 0.928520962273 4 [25, -3.147853460601488] [76, 1.18019070398271] [80, -2.093372188436342] [119, 1.3256478330485937]
1.9999999996 0.810403891931 4 [25, -3.145475164437171] [76, 1.2341180219231997] [80, -2.166012491090723] [119, 1.4028509925039234]
1.99999999988 -0.569923835569 5 [25, -3.150528363717495] [76, 1.2912959800511805] [80, -2.235224894107729] [119, 1.4826860463587108] [123, 1.3327817378255533]
1.9999999997 0.766561700307 5 [25, -3.1471146618120747] [76, 1.3490146407747021] [80, -2.2942793543513873] [119, 1.5630031931953257] [123, 1.3819571776482453]
2.00000000061 0.54137054075 5 [25, -3.1373818100074216] [76, 1.4073414187235818] [80, -2.34309215783197] [119, 1.643811048900365] [123, 1.4313615522382435]
1.99999999993 0.350462703126 5 [25, -3.1389644891213506] [76, 1.468775617989535] [80, -2.3932503952990642] [119, 1.724006767510148] [123, 1.4829009370248452]
0.0 -0.411183999662 5 [25, -3.1389644891213506] [76, 1.468775617989535] [80, -2.3932503952990642] [119, 1.724006767510148] [123, 1.4829009370248452]
0.0 58.21639312 5 [25, -2.138964489122787] [76, 2.468775617988099] [80, -1.3932503953005004] [119, 2.724006767508712] [123, 2.482900937023409]
0.0 58.6855208931 5 [25, -1.1389644891242239] [76, 3.468775617986662] [80, -0.3932503953019375] [119, 3.7240067675072748] [123, 3.482900937021972]
0.0 55.9157536768 5 [25, -0.19199539971491641] [76, 4.4157447073959695] [80, 0.55371869410737] [119, 4.6709758569165825] [123, 4.42987002643128]
2.00000000028 -0.544842467341 5 [25, -0.20829417263019256] [76, 4.3575091974150615] [80, 0.592208211777993] [119, 4.591054806102474] [123, 4.3807663641116275]
1.99999999999 0.872324073831 5 [25, -0.22772844135778403] [76, 4.301723617675567] [80, 0.6355546323256773] [119, 4.512686880502292] [123, 4.3333013047237205]
1.99999999961 0.305486213912 4 [25, -0.2509805884397456] [76, 4.248516663509943] [80, 0.6847324622896693] [119, 4.436732899799106]
2.00000000064 -0.51350526185 4 [25, -0.27928582698334314] [76, 4.1979876198573916] [80, 0.7406968843437609] [119, 4.363900622294916]
1.99999999998 0.0753326619228 4 [25, -0.31445596930184316] [76, 4.150172105933228] [80, 0.8045078364431093] [119, 4.294711394037136]
1.99999999986 0.0560852787072 4 [25, -0.3596176434550138] [76, 4.105137528743461] [80, 0.8770994662217728] [119, 4.229590933045918]
1.99999999978 0.864490860793 4 [25, -0.4188286713597875] [76, 4.062746028100244] [80, 0.9597229637363942] [119, 4.168625322564363]
2.00000000023 -0.341453184036 4 [25, -0.4992267688716241] [76, 4.022906113600721] [80, 1.0532061742276146] [119, 4.111830945795828]
2.00000000016 -0.0477345707987 4 [25, -0.6128782808033728] [80, 1.1578424084602001] [119, 4.059115710875518] [161, -0.8443615933081982]
1.99999999989 0.422452255814 5 [25, -0.7801279887958661] [80, 1.2730271287359598] [119, 4.01031061932724] [161, -0.8843462314043555] [166, 0.10151283422778867]
1.99999999941 -1.05005856975 5 [25, -1.0314930973850411] [80, 1.3968686711226634] [119, 3.9653116781713376] [161, -0.9272084788415609] [166, 0.10698599512438722]
2.00000000002 0.914162554673 5 [25, -1.3858830158480921] [80, 1.5263814359228867] [119, 3.923759482337436] [161, -0.9729818848163965] [166, 0.11312920336005128]
2.00000000065 -0.0740722378802 5 [25, 4.492004060135212] [80, 1.6574290751802343] [119, 3.8853947358629206] [161, -1.021767742653465] [166, 0.12006574822254512]
2.00000000013 -0.37826896263 6 [25, 4.14658544682301] [80, 1.7855780523559706] [119, 3.849959483082589] [129, -0.8562062819609332] [161, -1.0736246620843517] [166, 0.12795083217808334]
1.99999999969 0.816795695661 6 [25, 3.904920578770459] [80, 1.9070658691237423] [119, 3.8173195924103585] [129, -0.895859288237198] [161, -1.1286318700297775] [166, 0.1367786910562867]
1.99999999976 -0.151997596819 5 [25, 3.7437785612163035] [80, 2.019112431946401] [129, -0.9381644707363208] [161, -1.1866244317229264] [166, 0.1469787325912424]
2.00000000029 1.44149045511 5 [25, 3.633874899869223] [80, 2.120295923349029] [129, -0.9832356313764925] [161, -1.2474393158652095] [166, 0.1588823172649967]
1.99999999985 0.40098269021 5 [25, 3.555806309680552] [80, 2.2103314812298196] [129, -1.0311577613802188] [161, -1.3108153530318445] [166, 0.17293536976312307]
1.99999999971 0.156989186397 5 [25, 3.4980958728016214] [80, 2.289716195850761] [129, -1.081975443608298] [161, -1.376388377171926] [166, 0.18975184392001032]
2.0000000003 -0.061127539399 6 [25, 3.4542984593203325] [60, 0.10686452795857848] [80, 2.359578397655932] [129, -1.1357571383598488] [161, -1.443720817234733] [166, 0.20988209999417262]
2.00000000005 -0.361442485045 6 [25, 3.419810609137362] [60, 0.1124896753222655] [80, 2.4208215246920073] [129, -1.1923354185311046] [161, 4.7709761883868484] [166, 0.23483622188400632]
1.99999999965 -0.406878392132 6 [25, 3.391989345363892] [60, 0.11878264742293121] [80, 2.47455116069918] [129, -1.2515524884621527] [161, 4.701945669296135] [166, 0.2665013897692061]
2.00000000067 0.0404446769263 6 [25, 3.369087180762171] [60, 0.12586210932984776] [80, 2.5217984538682447] [129, -1.3131629328491718] [161, 4.633016322538385] [166, 0.30785710604837924]
1.99999999969 -0.229590208556 6 [25, 3.3499090293167963] [60, 0.13387628821415287] [80, 2.5634816955599087] [129, -1.3768299889382405] [161, 4.564825752198596] [166, 0.36385075216039664]
2.00000000028 -0.269161110773 6 [25, 3.333877700438232] [60, 0.14278169552772457] [80, 2.6005969335451713] [129, -1.4421582700680249] [161, 4.498020600295434] [166, 0.44249450315141625]
1.9999999991 0.31248456622 6 [25, 3.3200847912686573] [60, 0.15301593736314856] [80, 2.6336101548473607] [129, 4.774597796233118] [161, 4.433105967124737] [166, 0.5604938576875489]
2.00000000064 0.282161885577 6 [25, 3.308086566035721] [60, 0.16488530677470292] [80, 2.663096418126795] [129, 4.707626392190825] [161, 4.370514231669156] [166, 0.749261314785939]
2.0000000003 0.439580700208 6 [25, 3.2975482734832644] [60, 0.1787966577394835] [80, 2.689540963836298] [129, 4.640699598803027] [161, 4.310576008797906] [166, 1.0631791644733968]
1.99999999994 -0.0590507680076 6 [25, 3.288400756375464] [60, 0.19501378261312863] [80, 2.713510448708992] [129, 4.57443086876025] [161, 4.253606867415219] [166, 1.533257217883093]
1.99999999956 0.594655490438 6 [25, 3.2802361060132252] [60, 0.21453408933923135] [80, 2.735180943187964] [129, 4.509368883583312] [161, 4.1996664522349905] [166, 2.020119881475887]
2.00000000043 0.138367718915 5 [25, 3.2728986680718872] [60, 0.23843422305122575] [129, 4.446003763820018] [161, 4.148800841091462] [166, 2.3574577960495766]
2.00000000007 -0.233564091586 5 [25, 3.2662637585872574] [60, 0.2683015599991885] [129, 4.384746999366386] [161, 4.100988306786242] [166, 2.5605285966597897]
1.9999999995 -0.828454194506 4 [60, 0.30656521529708614] [129, 4.325921093914411] [161, 4.056154635721748] [166, 2.686283935482199]
2.0000000004 0.775085150842 4 [60, 0.3565934331708913] [129, 4.269842603824086] [161, 4.014299042989143] [166, 2.7698743921992346]
1.99999999964 -0.341755665076 5 [2, 0.13979849149330126] [60, 0.4252540232944013] [129, 4.216585521242324] [161, 3.9751746838315167] [166, 2.8284009592509882]
1.99999999965 -0.737725256423 4 [2, 0.1471631353281735] [60, 0.5240003317550013] [129, 4.166213854777348] [166, 2.8713524998766085]
2.00000000046 0.199112836832 4 [2, 0.15538519690819097] [60, 0.6739117604522307] [129, 4.118727200861525] [166, 2.90407041067633]
2.00000000019 -0.0162099925298 4 [2, 0.16441740916894831] [60, 0.9115823228032036] [129, 4.074182172816415] [166, 2.9301048154577174]
1.99999999929 -0.738859361158 4 [2, 0.17461843714203806] [60, 1.2827111791930352] [129, 4.032385791579259] [166, 2.951035246290216]
2.00000000035 -0.020971848853 4 [2, 0.1862184501502897] [60, 1.7517137055517018] [129, 3.9932183163539188] [166, 2.968195423328744]
2.00000000004 -0.261326320045 3 [2, 0.1995111646125507] [60, 2.155819182468411] [166, 2.9824954647435398]
2.00000000013 0.576978307411 3 [2, 0.2148769737038736] [60, 2.422174157487949] [166, 2.994576328132985]
1.99999999979 -0.572771022519 3 [2, 0.2325327062170055] [60, 2.5892442266971223] [166, 3.0051477235051003]
2.00000000007 -0.598026108127 3 [2, 0.25338509471403414] [60, 2.6978510629089554] [166, 3.0142769596205525]
1.99999999965 0.429158059903 3 [2, 0.2783419570771568] [60, 2.7724151478458197] [166, 3.0222290883929697]
1.99999999999 -0.301973520589 3 [2, 0.30867680294587085] [60, 2.826169850327214] [166, 3.0292080959190786]
2.00000000078 -0.427975700042 3 [2, 0.3458069777813253] [60, 2.8669537208412574] [166, 3.035571559267626]
1.99999999998 -0.399761925138 3 [2, 0.3927715023182752] [60, 2.898565906258197] [166, 3.0412286564432343]
1.99999999925 0.086896746991 2 [2, 0.45369479552851333] [60, 2.923713935509368]
2.00000000049 0.276138290113 2 [2, 0.5350669980711971] [60, 2.9441497963080625]
1.99999999977 -0.0635970602172 2 [2, 0.647270546981414] [60, 2.9610517755025283]
1.99999999975 -0.144299353469 2 [2, 0.805835492522937] [60, 2.9755318053743185]
2.00000000041 -0.00458636130958 2 [2, 1.033185679259389] [60, 2.987843471052079]
1.99999999966 -0.236384006615 2 [2, 1.3428449374262155] [60, 2.998424046597589]
2.00000000045 0.232029405905 2 [2, 1.7023691664627363] [60, 3.007601174220717]
1.99999999962 0.628434298069 2 [2, 2.0321460360740735] [60, 3.0158559081423153]
2.00000000054 -0.107502242733 3 [2, 2.2824381322412073] [50, 0.26353504690582086] [60, 3.023127360897224]
1.99999999962 -1.03493563547 3 [2, 2.4580793206507083] [50, 0.2773980189884542] [60, 3.0295722290884015]
1.99999999993 0.345620925515 3 [2, 2.5809952327993715] [50, 0.29280986287641686] [60, 3.0353155843314745]
1.99999999998 0.166959059282 2 [2, 2.6692910543113335] [50, 0.3100280233228867]
1.99999999999 -0.59890761985 2 [2, 2.735319002274834] [50, 0.32912883266562853]
1.99999999979 -0.109823806674 2 [2, 2.785824693573413] [50, 0.35071145473218057]
2.00000000064 0.0472908594685 2 [2, 2.82548293651449] [50, 0.37525562630592235]
1.99999999928 0.699971182694 2 [2, 2.8573266247785982] [50, 0.4033640355891521]
2.00000000002 0.789519169418 2 [2, 2.8837565470480158] [50, 0.43549138432813317]
2.00000000061 0.183802918825 2 [2, 2.9057412776776523] [50, 0.4728814126061629]
1.99999999966 -0.65652237724 2 [2, 2.9242800421164334] [50, 0.516782684126315]
2.00000000061 -0.295772901349 2 [2, 2.940097645058245] [50, 0.5688057760834193]
1.99999999924 -0.124512545758 2 [2, 2.953731263038663] [50, 0.6310209156301656]
1.99999999996 -1.06874679056 2 [2, 2.965858862578173] [50, 0.7056322018578982]
2.00000000072 -0.0528418324639 2 [2, 2.9764910137152194] [50, 0.7962346461522996]
1.99999999965 -0.565475034685 2 [2, 2.9858757352538827] [50, 0.906452740178169]
2.00000000027 0.0225085810537 2 [2, 2.994209308509479] [50, 1.0396488988483423]
1.99999999975 -0.604093642339 2 [2, 3.0016489910135444] [50, 1.19739327968972]
1.9999999996 -0.224994908906 1 [50, 1.3769150885454418]
2.00000000069 0.804793224443 1 [50, 1.5700455756753844]
1.99999999937 -0.259455212705 1 [50, 1.7632755765968933]
2.00000000033 0.576148831536 1 [50, 1.943053634356002]
1.99999999984 0.386654479091 1 [50, 2.1011375445799825]
2.00000000041 0.0358720379154 1 [50, 2.2346737789176565]
1.99999999966 -0.942188798062 1 [50, 2.3451867978104497]
1.9999999999 0.133043067903 1 [50, 2.436023188018737]
2.00000000061 -0.624093863597 1 [50, 2.510807819600963]
1.9999999994 0.748823099315 1 [50, 2.573199128647744]
2.00000000016 -0.0425702758238 1 [50, 2.6253532254474576]
1.99999999959 -0.798643733614 1 [50, 2.669346159785098]
2.00000000036 -0.182751478885 1 [50, 2.7067936553467202]
1.99999999978 -0.204024947036 2 [50, 2.7393096272152127] [61, 0.9784983780584902]
2.00000000033 -0.0629195274081 2 [50, 2.7674704987285033] [61, 1.0221178249293799]
1.99999999966 -0.593928073012 3 [50, 2.7920424698052386] [61, 1.0682329013987817] [78, 0.32330759922374375]
2.00000000057 0.116828199904 3 [50, 2.813630325367674] [61, 1.1168407901349091] [78, 0.3403723671411616]
1.9999999994 -0.531966059217 3 [50, 2.8327154524601124] [61, 1.167890037868766] [78, 0.3593164651609797]
2.00000000018 -0.712266261408 3 [50, 2.849975626042566] [61, 1.2211648644870856] [78, 0.3801418730273345]
2.00000000061 0.959172703418 3 [50, 2.8654081930761093] [61, 1.276628062922857] [78, 0.40347846131986476]
1.99999999997 -0.128478234506 3 [50, 2.8792716798111764] [61, 1.3340437110655052] [78, 0.4297639792282564]
1.9999999996 0.973246482069 3 [21, 0.5723436296294528] [61, 1.3931067790936702] [78, 0.4595334945726821]
1.99999999998 0.133631970969 3 [21, 0.6008314090542435] [61, 1.4534073279533175] [78, 0.49306546405906326]
2.00000000042 -1.00639807677 3 [21, 0.6319755924759314] [61, 1.5146048459960648] [78, 0.53150524247299]
1.99999999965 -0.416559392103 3 [21, 0.6660848165236553] [61, 1.5762399627510824] [78, 0.5758455714691848]
1.99999999985 0.303302145001 4 [21, 0.7034990145780913] [61, 1.6378329727806877] [78, 0.6273041565501931] [139, 0.4159658123217518]
2.00000000019 0.973958736337 4 [21, 0.7445870481041028] [61, 1.6989056442013444] [78, 0.6873559917870435] [139, 0.4382855756731976]
1.99999999979 0.841065377849 4 [21, 0.7894608883816099] [61, 1.7590708710436707] [78, 0.7572619267757104] [139, 0.4627014448872355]
2.00000000005 0.31525501849 4 [21, 0.8388029340489103] [61, 1.8178885475112672] [78, 0.8394552485821583] [139, 0.4898566673992861]
1.99999999967 0.0869718353594 4 [21, 0.8930165046385954] [61, 1.8749980227419252] [78, 0.9359735578467341] [139, 0.5201768809272287]
2.00000000036 0.918626202183 4 [21, 0.9524687433023671] [61, 1.9301037061798614] [78, 1.0485147733807454] [139, 0.5541654161658951]
1.99999999976 -0.541343687578 4 [21, 1.0171843410797028] [61, 1.9831215254038697] [78, 1.177370891666764] [139, 0.5920382378310454]
1.99999999983 -0.50479357063 4 [21, 1.087591114112761] [61, 2.0337953025584614] [78, 1.321746131312166] [139, 0.6347977278622488]
2.00000000062 0.352793677104 4 [21, 1.1636917144511154] [61, 2.0820097772906] [78, 1.4776324269283359] [139, 0.6832953730386875]
1.99999999965 0.425313451333 4 [21, 1.2451869905367736] [61, 2.1277192903780175] [78, 1.6382081542183677] [139, 0.7384585793532314]
2.00000000033 -0.262950250911 4 [21, 1.3314459275784654] [61, 2.170925451295326] [78, 1.7953463570689154] [139, 0.8013130243081446]
1.99999999987 -0.2835256283 3 [21, 1.4213867976846266] [78, 1.9422440600018593] [139, 0.8725059871317578]
1.9999999996 0.406159464117 4 [21, 1.5138941061788158] [63, -0.661607880683148] [78, 2.074187003641641] [139, 0.953511029558282]
2.00000000064 0.931331232506 4 [21, 1.6074156892088387] [63, -0.6948763240933986] [78, 2.1894204888329183] [139, 1.0451503854478517]
1.99999999935 0.529499858506 4 [21, 1.7002943626239386] [63, -0.7309606910835565] [78, 2.288361009980483] [139, 1.147745286397243]
2.00000000015 0.1808647505 4 [21, 1.7910777431567053] [63, -0.7704389750437262] [78, 2.373180711384049] [139, 1.2605023177711894]
1.99999999987 0.142539261786 5 [21, 1.8783545244250892] [63, -0.8133126403706782] [78, 2.4453343901770026] [121, -0.18110683239137937] [139, 1.3821896455238616]
2.00000000001 0.380142131763 5 [21, 1.9610499617176032] [63, -0.8598766496079043] [78, 2.5068123553052573] [121, -0.19111025340944243] [139, 1.5098863772879423]
2.00000000027 0.869229390952 5 [21, 2.0384466508603456] [63, -0.9104180096176804] [78, 2.5594046076064005] [121, -0.20216497120040589] [139, 1.6396250213409915]
2.00000000042 -0.894172648978 5 [21, 2.110169236414877] [63, -0.9651970927377276] [78, 2.6046344809517192] [121, -0.21445682436798785] [139, 1.7670470316004778]
1.99999999949 0.216345086194 5 [21, 2.1764632602427207] [63, -1.0247067896649957] [78, 2.6442755780257974] [121, -0.22870466191195926] [139, 1.888522437004038]
2.00000000049 0.522710718582 5 [21, 2.237156989462882] [63, -1.0887483343266595] [78, 2.6788012485458097] [121, -0.2447865592362497] [139, 2.0010777549169836]
1.99999999966 -1.16652753337 5 [21, 2.292510892383297] [63, -1.1573019336220993] [78, 2.7090467784942573] [121, -0.26309362079946563] [139, 2.1030904831406065]
1.99999999952 -0.766185759939 5 [21, 2.3428768915397313] [63, -1.2301814110949865] [78, 2.7356907520287503] [121, -0.28413452361881086] [139, 2.194093793910115]
2.00000000045 -0.0735783592615 5 [21, 2.3890302613006806] [63, -1.3071709681935948] [78, 2.7597374539231723] [121, -0.3092611109275101] [139, 2.2749685950884384]
1.99999999992 -0.295737938221 5 [21, 2.4310018820400847] [63, -1.3873955748468152] [78, 2.781152636676702] [121, -0.33882093061499563] [139, 2.3460648326329565]
1.99999999978 0.62649529593 5 [21, 2.4691851779387584] [63, 4.813171991803984] [78, 2.8003101560537953] [121, -0.37408309018492747] [139, 2.4084110001544268]
1.99999999989 0.153321049294 5 [21, 2.5039533701485785] [63, 4.729177887607558] [78, 2.817519081346565] [121, -0.4168198029448187] [139, 2.4630840540396903]
2.00000000013 -0.0225566428844 4 [21, 2.5356520609182693] [63, 4.644931036086117] [121, -0.4695559453400173] [139, 2.511107888348528]
2.00000000016 -0.206056727095 4 [21, 2.564974024378694] [63, 4.5616842705250145] [121, -0.5370741883266429] [139, 2.553935009285637]
1.99999999978 -0.440299933285 3 [63, 4.480509815944947] [121, -0.6238221042290584] [139, 2.5918158467508157]
2.00000000065 0.497119009166 3 [63, 4.402310475412065] [121, -0.737522676282678] [139, 2.625440289714734]
1.99999999937 -0.946335459391 3 [63, 4.32778265623797] [121, -0.8885397747082264] [139, 2.655396265728001]
2.00000000026 0.288160967466 3 [63, 4.257400389636926] [121, -1.0879482578762123] [139, 2.6821818355765297]
2.00000000038 -0.467810572486 3 [63, 4.191778516902968] [121, -1.3400202744160286] [139, 2.7066996717791314]
2.00000000013 0.0368484370309 3 [63, 4.130698576668442] [121, 4.65873237008228] [139, 2.728796178853676]
1.99999999987 -0.423019508268 2 [63, 4.074081569678285] [121, 4.38257648978879]
2.00000000005 0.719352297721 2 [63, 4.021748561406651] [121, 4.14917979161788]
1.99999999965 -0.886405393088 2 [63, 3.973897064907738] [121, 3.9692504247364875]
1.99999999986 -0.473921169321 3 [63, 3.9298186467271394] [121, 3.833790411627522] [194, 0.9170842479644541]
1.99999999966 -0.649219823683 3 [63, 3.8892098946107296] [121, 3.7314130287911143] [194, 0.9592205352872611]
2.00000000042 0.100862182289 3 [63, 3.8517701643335753] [121, 3.6526866461358773] [194, 1.0040783529656492]
2.00000000009 0.94063592579 3 [63, 3.817210943916904] [121, 3.590843037515473] [194, 1.0517105184706257]
1.99999999996 0.253615501871 3 [63, 3.785736691661337] [121, 3.5424355753449044] [194, 1.1018162213001002]
2.0 1.19139050096 2 [121, 3.502872275489815] [194, 1.1546937565155126]
1.99999999998 0.983792864142 2 [121, 3.4699516576058267] [194, 1.210233309400598]
2.00000000006 -0.13755954418 2 [121, 3.4421180450490123] [194, 1.26824413955702]
1.99999999995 0.295006327501 2 [121, 3.4192357342789945] [194, 1.328251456389782]
1.99999999997 -0.0370065336801 2 [121, 3.3993865473485494] [194, 1.3901777478580961]
2.00000000005 -0.543145172068 2 [121, 3.3819702443091] [194, 1.4535874178280481]
1.99999999998 -0.516846880407 2 [121, 3.366529604016918] [194, 1.5179725429696636]
1.99999999996 0.0180397747841 2 [121, 3.3527105649895317] [194, 1.582773600998668]
2.0 -0.100990476813 2 [121, 3.3410707604427543] [194, 1.647482192620353]
1.99999999998 -0.22512764389 2 [121, 3.3304907113927573] [194, 1.7115719404164735]
1.99999999999 0.324227918075 2 [121, 3.3208011098288157] [194, 1.7744938036599802]
2.00000000001 -0.0120337642958 1 [194, 1.8357527350822782]
2.00000000013 0.290029216049 1 [194, 1.8952607346909318]
1.99999999993 -0.228558124717 1 [194, 1.952459476627536]
1.99999999994 0.115897920396 1 [194, 2.007084228122209]
2.00000000006 -0.441033863643 1 [194, 2.0589539416515796]
2.0 0.0381432106404 1 [194, 2.10796407306829]
1.99999999997 -0.170631268609 1 [194, 2.154691638088541]
2.0 -0.97523884176 1 [194, 2.198607496994704]
2.00000000001 0.867530591487 2 [96, 0.9888658286670016] [194, 2.2397546969128523]
2.00000000006 0.234388510894 1 [96, 1.032604551182825]
1.99999999998 0.369761242087 2 [96, 1.078232359697248] [99, -0.7640046827237716]
1.99999999995 -0.753863001422 2 [96, 1.1264024031387365] [99, -0.8007050258904661]
2.00000000004 -0.428805731591 2 [96, 1.1770519064234242] [99, -0.8399684061415484]
1.99999999994 0.510192745536 2 [96, 1.230050915967947] [99, -0.8819661707783694]
1.99999999995 0.773650538627 2 [96, 1.285192789471808] [99, -0.9268635262327498]
2.00000000017 -0.332283702826 2 [96, 1.341756417445686] [99, -0.9759428310253894]
1.99999999993 -0.943844883619 2 [96, 1.4000084839335611] [99, -1.028191775902505]
1.99999999996 0.398861424501 2 [96, 1.4595412982137688] [99, -1.0836655678521256]
2.00000000005 -0.730313763638 2 [96, 1.5198735044098786] [99, -1.1423634398237912]
1.99999999996 0.651806522311 2 [96, 1.5804942694003363] [99, -1.2053242491377376]
1.99999999998 -0.379502960663 2 [96, 1.6411654885408529] [99, -1.2710872196890415]
2.00000000004 0.236626266713 3 [1, 0.7328009797644579] [96, 1.7013247918708967] [99, -1.3393383536112533]
1.99999999995 0.435671660514 3 [1, 0.7681908554285493] [96, 1.7603948934740854] [99, -1.4096830257837274]
2.00000000005 -0.397774380432 3 [1, 0.8069403785806373] [96, 1.8177921059835118] [99, 4.801516865588207]
2.00000000003 0.302366988151 3 [1, 0.8464173600520788] [96, 1.8743914464949627] [99, 4.728190589995982]
1.99999999998 0.0704270047704 3 [1, 0.8896658338184535] [96, 1.9289252025039916] [99, 4.654902864136026]
2.00000000005 -1.1167849385 3 [1, 0.9371403039358703] [96, 1.980844691980342] [99, 4.5821178961938385]
1.99999999984 -0.502525128598 3 [1, 0.9893977186758127] [96, 2.029398570979442] [99, 4.510063561695612]
2.0 -0.409126060712 3 [1, 1.0393992542592347] [96, 2.079461456559266] [99, 4.4429791771099305]
2.0 -0.866750041213 3 [1, 1.0934434207115287] [96, 2.127506754624574] [99, 4.379308545158037]