427
0.0413674768718 0.0 2 [10, 4.3906384259880475] [190, 5.034139534781332]
0.0431886414425 31.079039635 2 [10, -1.3501153112029716] [190, -0.7066142024096873]
1.9410044311 0.0 2 [10, -1.4126119136421602] [190, -0.780880571239674]
2.06969808005 0.0 2 [10, -1.4763718373550123] [190, -0.8681234591651652]
2.07458153759 0.0 2 [10, -1.5409228310174417] [190, -0.9706316235099273]
1.99577811748 0.0 2 [10, -1.6057176264397617] [190, -1.0896798765328857]
2.06009592191 0.0 3 [10, -1.670228298879942] [92, -0.26873496386332896] [190, -1.225468716152541]
1.91503228572 0.0 3 [10, -1.7339412147751165] [92, -0.2831785303042613] [190, -1.3758736970786059]
1.9229668664 0.0 3 [10, -1.7963351821227178] [92, -0.2993463365636737] [190, -1.53582652309629]
2.0995615337 0.0 3 [10, -1.8570154291585905] [92, -0.3173417191669827] [190, -1.69760449964817]
1.90465365099 0.0 3 [10, -1.915638796774076] [92, -0.33749099441336305] [190, -1.853136914783584]
1.91876292325 0.0 3 [10, -1.9718617265362304] [92, -0.36041995089039336] [190, -1.9958559952552144]
1.98110035653 0.0 3 [10, -2.025559741388232] [92, -0.38644678534973753] [190, -2.1224255122734292]
2.0569695469 0.0 3 [10, -2.0766231019964665] [92, -0.4162202536012476] [190, -2.232145758068407]
2.05873714757 0.0 3 [10, -2.1250065013529533] [92, -0.45056898691565106] [190, -2.3260816824578288]
2.08690341599 0.0 4 [10, -2.1706103629529894] [92, -0.4908548888323754] [96, 0.32215882244331695] [190, -2.4058344818154542]
1.98167841876 0.0 4 [10, -2.213585739808361] [92, -0.5382084622041088] [96, 0.3393759375623633] [190, -2.473789982185778]
1.9220884863 0.0 5 [10, -2.253825104916176] [92, -0.5949884319741683] [96, 0.3581797396871078] [163, -1.267841432183129] [190, -2.5314487642814765]
1.99249953381 0.0 4 [92, -0.6633748579822489] [96, 0.3789596731286844] [163, -1.316827212166654] [190, -2.580738472262895]
2.00301749782 0.0 4 [92, -0.7459553259825382] [96, 0.40226766576690487] [163, -1.3670535088867704] [190, -2.6233735644232095]
2.01783976319 0.0 4 [92, -0.8461828284106101] [96, 0.428549680485121] [163, -1.418315661779939] [190, -2.6605119572473455]
1.95380314477 0.0 4 [92, -0.9677020632411484] [96, 0.4583521208502299] [163, -1.470379723228544] [190, -2.693088340035432]
2.02588760149 0.0 4 [92, -1.1136353762020708] [96, 0.4920793542720743] [163, -1.5229976431644818] [190, -2.7216166021363235]
1.9092881605 0.0 4 [92, -1.2834924888481334] [96, 0.5307971097559872] [163, -1.5758634496590158] [190, -2.746963438502474]
2.0106979065 0.0 4 [92, -1.4718988351653293] [96, -5.70765813128333] [163, -1.6286940047022647] [190, -2.769621189596377]
2.00787011722 0.0 4 [92, -1.6674276483547121] [96, -5.655980121062679] [163, -1.681183534527423] [190, -2.7897735203199705]
1.90561590943 0.0 4 [92, -1.8557330320290686] [96, -5.595536498649912] [163, -1.7330632203050955] [190, -2.807982498547354]
1.95584966017 0.0 4 [92, -2.0254947227242748] [96, -5.524513241304753] [163, -1.784082097448287] [190, -2.8245184753118804]
2.05900296102 0.0 3 [92, -2.171365612698638] [96, -5.440863518079156] [163, -1.834015388285203]
2.02568558007 0.0 3 [92, -2.2928169890410994] [96, -5.342841029598948] [163, -1.8826007314293216]
2.02803237331 0.0 2 [92, -2.3930131134430788] [96, -5.22833822988673]
2.08715135327 0.0 3 [92, -2.475603812485552] [96, -5.096729231041424] [194, -0.8309640758177119]
1.96056561408 0.0 3 [92, -2.543616920822951] [96, -4.949718970512599] [194, -0.8704660938763702]
2.08670197687 0.0 3 [92, -2.6004168808281563] [96, -4.791420010386721] [194, -0.9127189100287749]
2.03733739363 0.0 3 [92, -2.6483216115878636] [96, -4.629085120801606] [194, -0.9578658931199309]
1.95908475503 0.0 3 [92, -2.689134257726716] [96, -4.471125124680082] [194, -1.0060259497917432]
1.97568275265 0.0 3 [92, -2.723880798585033] [96, -4.324422768317348] [194, -1.0574331324971507]
2.06125527521 0.0 3 [92, -2.754040638432276] [96, -4.193446626050112] [194, -1.1119492687804637]
1.91786313166 0.0 3 [92, -2.780449999939053] [96, -4.079632408195837] [194, -1.1695311244012982]
1.97779128911 0.0 3 [92, -2.80343475764103] [96, -3.9818617798026876] [194, -1.2301719350162887]
2.10665780672 0.0 3 [92, -2.823868764358285] [96, -3.8987761722189607] [194, -1.2934966135685526]
2.0093467734 0.0 3 [92, -2.842162669148382] [96, -3.8282829264234195] [194, -1.3591728373510312]
1.995862298 0.0 3 [92, -2.8586472611435445] [96, -3.7683433363622765] [194, -1.4267664260573092]
2.00546085928 0.0 3 [92, -2.8732960041997893] [96, -3.7167183573968945] [194, -1.4957844801706042]
1.9893426562 0.0 2 [96, -3.672353997977213] [194, -1.5655417282595545]
1.98828075673 0.0 2 [96, -3.6340065225109845] [194, -1.6353974171946328]
1.94124341842 0.0 2 [96, -3.6002584567716998] [194, -1.7046513534435839]
1.96440634247 0.0 2 [96, -3.5700725987432684] [194, -1.772542492912185]
1.95777403894 0.0 2 [96, -3.5434794717420823] [194, -1.8385824504072108]
1.93883574939 0.0 2 [96, -3.5195623722131018] [194, -1.902180360082915]
2.00633902495 0.0 2 [96, -3.4982706487606134] [194, -1.9630952832244186]
2.01173139445 0.0 2 [96, -3.4792366314255925] [194, -2.0210998977540258]
1.99763177564 0.0 2 [96, -3.462156503356439] [194, -2.0760652720413773]
2.05898185651 0.0 1 [194, -2.127710833020898]
2.08050525113 0.0 1 [194, -2.176271523848269]
1.95863288888 0.0 1 [194, -2.2218343660710205]
1.92131710566 0.0 1 [194, -2.2645246861839783]
1.96594566424 0.0 1 [194, -2.304195595240723]
1.93000848429 0.0 1 [194, -2.34129568994019]
1.95134966486 0.0 0
1.99501149809 0.0 0
1.90616801286 0.0 1 [198, 0.28365064394816475]
2.02774609597 0.0 1 [198, 0.2986120568991826]
1.97067625371 0.0 1 [198, 0.31537399102851627]
2.03682367362 0.0 1 [198, 0.33361950479610236]
2.00525197204 0.0 1 [198, 0.35425457631612467]
1.92887037835 0.0 1 [198, 0.37772816595463343]
1.97349025652 0.0 1 [198, 0.4037587933449096]
1.95992842724 0.0 1 [198, 0.4337294620439174]
2.01620487483 0.0 1 [198, 0.46848291502040595]
1.98214786968 0.0 1 [198, 0.5079293140511689]
1.94634725676 0.0 2 [179, -5.078233124324644] [198, -5.728842019131515]
1.94282685831 0.0 2 [179, -5.029877576643376] [198, -5.673813584217759]
2.06714135783 0.0 2 [179, -4.9798953034404825] [198, -5.608132917206767]
2.02533021506 0.0 2 [179, -4.928725389271912] [198, -5.531126263459796]
2.00476559816 0.0 2 [179, -4.876341713061635] [198, -5.4384803883441295]
2.02475810371 0.0 2 [179, -4.823058351481063] [198, -5.327437532985568]
2.09029801344 0.0 3 [15, -0.01584395065198585] [179, -4.769454316326971] [198, -5.2011053431850405]
2.01275890738 0.0 4 [12, 0.1282483513041468] [15, -0.0158263128105105] [179, -4.715278050973429] [198, -5.050344802309409]
2.02417231176 0.0 4 [12, 0.13400512962757993] [15, -0.01807888282992476] [179, -4.661077715175232] [198, -4.884101868940834]
2.03013179242 0.0 4 [12, 0.1409420055103876] [15, -0.020061259528702635] [179, -4.607083094055676] [198, -4.706276889300323]
2.06584388258 0.0 4 [12, 0.1469684310424464] [15, -0.024169227938204862] [179, -4.553414325817926] [198, -4.5271399881167245]
1.98471639702 0.0 4 [12, 0.15428861128428384] [15, -0.028309446661690885] [179, -4.500478323779192] [198, -4.357069777337813]
1.99086417234 0.0 4 [12, 0.17043445468645846] [15, -0.024606518085279028] [179, -4.450191325119124] [198, -4.213121800246371]
1.99773158468 0.0 4 [12, 0.17734079397508395] [15, -0.03294960865675378] [179, -4.399152241595982] [198, -4.078407457591524]
2.01188033504 0.0 4 [12, 0.18536855273283592] [15, -0.042750169828234874] [179, -4.349326913959458] [198, -3.962897361838361]
2.0347793428 0.0 3 [12, 0.22195524371846798] [15, -0.023624106759490004] [198, -3.8964194314024514]
0.0195098529536 0.0 3 [12, 0.22195524371846798] [15, -0.023624106759490004] [198, -3.8964194314024514]
0.0675949360859 57.295779513 3 [12, 1.22195524371703] [15, 0.976375893239072] [198, -2.8964194314038894]
0.00853527110817 19.150749226 3 [12, 1.5561988719344857] [15, 1.3106195214565277] [198, -2.5621758031864337]
1.99083834347 0.0 3 [12, 1.6441407102274654] [15, 1.405615743500185] [198, -2.6224995245353404]
2.02416032215 0.0 3 [12, 1.7309797321904057] [15, 1.5037011521763715] [198, -2.6722087867880675]
2.02843013873 0.0 3 [12, 1.8154961416181168] [15, 1.6031195595521668] [198, -2.7136550227688074]
2.07532047574 0.0 4 [12, -4.386609168646231] [15, 1.7019253131978864] [113, 0.27946299680171993] [198, -2.7488561661182547]
1.99380851311 0.0 4 [12, -4.309656321914489] [15, 1.7982843053042679] [113, 0.29399701524592103] [198, -2.778776325478625]
1.99119311451 0.0 4 [12, -4.237354539459559] [15, -4.392563070523997] [113, 0.3100245719976753] [198, -2.804510222723525]
1.97932264304 0.0 5 [12, -4.170086947179624] [15, -4.305544474268273] [63, -0.7060228253287959] [113, 0.32797652862714877] [198, -2.8270489167510924]
1.99618568636 0.0 5 [12, -4.107787407756946] [15, -4.224504645474643] [63, -0.7405469935454683] [113, 0.3479860598551401] [198, -2.846754101093291]
2.01256980132 0.0 5 [12, -4.050481407726415] [15, -4.149923067369361] [63, -0.7777899235654311] [113, 0.37063356250234225] [198, -2.864297096554757]
1.96152619306 0.0 5 [12, -3.9978063613358996] [15, -4.081670693002093] [63, -0.8181216440529431] [113, 0.39619506153498474] [198, -2.8798397317289997]
1.96592248632 0.0 5 [12, -3.949465315310562] [15, -4.019509276830312] [63, -0.8617815008581173] [113, 0.42525050230060835] [198, -2.893686813179904]
1.96491344294 0.0 5 [12, -3.905280885554456] [15, -3.9632274630738085] [63, -0.9088657895104171] [113, 0.45878387916395535] [198, -2.906258235676547]
1.98346292596 0.0 4 [12, -3.8647626540952267] [15, -3.9121982206334716] [63, -0.9597122802927696] [113, 0.4975030006729666]
1.99734516533 0.0 4 [12, -3.827728547017365] [15, -3.866105553843638] [63, -1.014355230653762] [113, 0.5428818112584333]
1.9601406181 0.0 4 [12, -3.793707706705365] [15, -3.824291794150967] [63, -1.07301824425668] [113, 0.596183889618338]
2.06092559139 0.0 4 [12, -3.762359357937256] [15, -3.7862471290218327] [63, -1.135726493412435] [113, 0.6592326181516084]
2.08116904093 0.0 3 [15, -3.7517747456465136] [63, -1.202208283373468] [113, 0.7348416012990118]
2.0276247425 0.0 3 [15, -3.720322991335767] [63, -1.2722914357688988] [113, 0.8255489010286023]
1.99573504972 0.0 3 [15, -3.691715733009535] [63, -1.3454517809276654] [113, 0.9347635192606356]
2.04036183309 0.0 3 [63, -1.4211504273488096] [113, 1.064805550414591] [122, 0.21461164587373283]
1.99257458748 0.0 4 [63, -1.498593045920197] [113, 1.2166312087719717] [122, 0.2261814446306527] [132, 0.7945528151613495]
1.97712196247 0.0 4 [63, -1.5768675090800057] [113, 1.387793769464401] [122, 0.23920091928994314] [132, 0.832853907370418]
2.00004113999 0.0 4 [63, -1.6550417337138112] [113, 1.5704984902812615] [122, 0.25370357186959325] [132, 0.8739796367967783]
1.94640650643 0.0 4 [63, -1.732195928142303] [113, 1.7533279648203095] [122, 0.27020636317288727] [132, 0.9182447819304276]
2.00600500317 0.0 4 [63, -1.807432948660849] [113, -4.3583669172232895] [122, 0.2888505789609672] [132, 0.9656747189911865]
1.96658910335 0.0 4 [63, -1.879987189136974] [113, -4.205814585467376] [122, 0.3100871459399803] [132, 1.0163993501964192]
2.03207874388 0.0 4 [63, -1.9493308502875286] [113, -4.075186912977827] [122, 0.3347027922537631] [132, 1.0705837531831737]
2.01263814775 0.0 4 [63, -2.0149901661652145] [113, -3.9654337056183024] [122, 0.36328815290533] [132, 1.1281523209778834]
1.86927452528 0.0 4 [63, -2.0768413061235846] [113, -3.87428609173446] [122, 0.39721075531387484] [132, 1.189133599488219]
2.00771244688 0.0 4 [63, -2.1346677487286785] [113, -3.798306796929359] [122, 0.4375574744365611] [132, 1.2532271871451854]
1.92570800668 0.0 4 [63, -2.1884813539136196] [113, -3.734640129833893] [122, 0.4862212437555655] [132, 1.3201342370109828]
2.03267053439 0.0 4 [63, -2.2385415359712337] [113, -3.6812128768830172] [122, 0.5462635414138441] [132, 1.3894849643206255]
2.04904560888 0.0 4 [63, -2.284872102822585] [113, -3.635729042754039] [122, 0.620940439351668] [132, 1.460645306492153]
2.03408120976 0.0 4 [63, -2.3278417580863944] [113, -3.596960464166481] [122, 0.7157384545705403] [132, 1.5329806939448218]
2.03532652837 0.0 4 [63, -2.3675236549211647] [113, -3.5633784308065444] [122, 0.8366807769506472] [132, 1.6057217897674816]
1.96828843118 0.0 4 [63, -2.4043184360018426] [113, -3.534319281565383] [122, 0.9915900050543245] [132, 1.6780959992975095]
2.03063462595 0.0 4 [63, -2.4382998287697264] [113, -3.5087444163864068] [122, 1.1851715293772154] [132, 1.7493738880468532]
2.01869489712 0.0 3 [113, -3.485992887870581] [122, 1.4142178508661498] [132, 1.818925236697508]
1.98369776883 0.0 3 [113, -3.4659249793466564] [122, 1.6611666742991584] [132, -4.397093271155605]
1.95132554687 0.0 3 [113, -3.447904414767755] [122, -4.385207958206474] [132, -4.332691854259264]
1.98954120877 0.0 3 [113, -3.431850548421947] [122, -4.18078123017842] [132, -4.271487620336461]
2.0020366952 0.0 3 [113, -3.4172758726572376] [122, -4.015422414090449] [132, -4.213572440360436]
1.97867286549 0.0 2 [122, -3.8854199166952412] [132, -4.15902537574574]
1.98828049459 0.0 2 [122, -3.7841491891611163] [132, -4.107990845241957]
1.96129239977 0.0 2 [122, -3.7041951103403554] [132, -4.060252472073137]
2.03606354056 0.0 2 [122, -3.640631820422195] [132, -4.015845056947718]
2.01709937023 0.0 2 [122, -3.5889315044543753] [132, -3.974449360741523]
1.92705712686 0.0 2 [122, -3.5462176786062622] [132, -3.935882303320105]
1.94336902344 0.0 2 [122, -3.510683470720414] [132, -3.9000703473608787]
2.01801127679 0.0 1 [122, -3.4805081831698876]
2.01180160681 0.0 1 [122, -3.454926110005788]
2.01915526738 0.0 1 [122, -3.432709854136762]
1.96304892177 0.0 1 [122, -3.4132284421897574]
1.93648933188 0.0 1 [122, -3.3962967136399502]
2.02130512482 0.0 1 [122, -3.381203387588064]
2.02688102157 0.0 2 [101, 0.5876505643815353] [122, -3.3679278884543153]
2.00134945579 0.0 2 [101, 0.6166239984535729] [122, -3.355931845575537]
1.98056063463 0.0 2 [101, 0.6480987663751776] [122, -3.34502615543739]
1.94386339158 0.0 1 [101, 0.6825907491980292]
2.04350692615 0.0 1 [101, 0.7201157672034082]
1.86126106603 0.0 1 [101, 0.7613257588031495]
2.04134887202 0.0 1 [101, 0.8063448242442455]
1.91457806042 0.0 1 [101, 0.855541855066666]
2.06853343371 0.0 1 [101, 0.9095249644005383]
1.98858717761 0.0 1 [101, 0.968372529012405]
2.02210898129 0.0 1 [101, 1.032568806961815]
2.03770908856 0.0 1 [101, 1.101997632168941]
2.05328307752 0.0 1 [101, 1.1766159457019407]
2.08592680248 0.0 1 [101, 1.256310400014879]
2.05582065897 0.0 1 [101, 1.3403033415555736]
2.04065722345 0.0 1 [101, 1.4277888188165608]
2.08046488468 0.0 2 [50, -1.3973296564922317] [101, 1.5175183182263225]
1.99135296518 0.0 2 [50, -1.447408009112372] [101, 1.6081562694370035]
2.10451864078 0.0 2 [50, -1.4980781905265186] [101, 1.6982158512545835]
2.01690938638 0.0 2 [50, -1.549123830835188] [101, 1.7863036169480049]
2.0003728771 0.0 2 [50, -1.6002731608266014] [101, 1.8710708201164667]
2.03408512217 0.0 2 [50, -1.6512642900974641] [101, -4.33150587633673]
2.09485850146 0.0 2 [50, -1.7018162400400998] [101, -4.2556704499927385]
1.99624948812 0.0 2 [50, -1.7517228829586] [101, -4.185203143615229]
1.93770778832 0.0 1 [101, -4.119970492312614]
2.00474738439 0.0 2 [2, -0.7194393365587906] [101, -4.06016411610838]
2.03355579328 0.0 2 [2, -0.7540396895291739] [101, -4.005167267417456]
1.92438311043 0.0 3 [2, -0.7914764333378042] [29, 1.3532886403240045] [101, -3.954750819453514]
1.9968888312 0.0 3 [2, -0.8316998275936855] [29, 1.4031530650694517] [101, -3.908881314329719]
2.02022426419 0.0 3 [2, -0.8751997286799535] [29, 1.4538603016645464] [101, -3.866866881015963]
1.92317171749 0.0 3 [2, -0.9219085906280693] [29, 1.5052127064180425] [101, -3.8286710683475906]
1.97835193204 0.0 3 [2, -0.9722833373556861] [29, 1.5569052814382873] [101, -3.7936140167506425]
2.06912387355 0.0 3 [2, -1.0264532248515432] [29, 1.6086857576847269] [101, -3.761373927589702]
1.92429649451 0.0 3 [2, -1.0842282007784063] [29, 1.6602657085194181] [101, -3.7319852972584244]
2.00958842698 0.0 2 [2, -1.1458470047584184] [29, 1.7113917029718504]
2.03823106968 0.0 2 [2, -1.2109475908721374] [29, 1.7617532774574114]
1.98153709958 0.0 2 [2, -1.2795395284730997] [29, 1.8112071367042315]
1.95275281913 0.0 2 [2, -1.3510844648441678] [60, -0.49828970457879107]
1.94817177535 0.0 2 [2, -1.424861151788226] [60, -0.5233743352991413]
1.98842323658 0.0 2 [2, -1.5002764279167016] [60, -0.5509900808600436]
1.95590195838 0.0 2 [2, -1.5764578051749418] [60, -0.581043538955345]
2.05650395051 0.0 2 [2, -1.6525693122542497] [60, -0.6142948065466016]
1.9073424056 0.0 2 [2, -1.7276825525776025] [60, -0.6511617885658012]
1.93254055832 0.0 2 [2, -1.8010958943146727] [60, -0.6916327541709224]
2.00492899729 0.0 2 [2, -1.8719998266932976] [60, -0.73667129428615]
1.93029215319 0.0 2 [2, -1.9400414682442673] [60, -0.7863222856129624]
2.01997981698 0.0 2 [2, -2.004609422827739] [60, -0.8416538232535125]
2.00095609994 0.0 4 [2, -2.065312561423265] [60, -0.903388478127257] [129, 0.5215583221464186] [166, -0.39061709628076713]
2.05418941318 0.0 4 [2, -2.122443987636471] [60, -0.9713508602218703] [129, 0.5486054472809068] [166, -0.41139110844829885]
1.95463208157 0.0 5 [2, -2.1756782672346615] [60, -1.046416403874094] [129, 0.5780993435706723] [166, -0.43454558358686723] [178, 1.1931155890352905]
2.06160710707 0.0 5 [2, -2.2254748397388933] [60, -1.1282472005518418] [129, 0.6108852028451395] [166, -0.45987000902925335] [178, 1.2413767939031777]
2.05594704587 0.0 5 [2, -2.2715987290122737] [60, -1.2171085174586374] [129, 0.6468429828236628] [166, -0.4883171896526348] [178, 1.2912159995403254]
1.97700717424 0.0 6 [2, -2.314219423408521] [60, -1.31225100534571] [129, 0.6863873146930866] [161, 0.543663191334371] [166, -0.520399978626731] [178, 1.3424835872143053]
2.04342273557 0.0 6 [2, -2.3539783343075866] [60, -1.4121655365167296] [129, 0.7305873459177601] [161, 0.5713054510109714] [166, -0.5560255387956583] [178, 1.395107550445549]
1.90006708052 0.0 6 [2, -2.3906601323191663] [60, -1.5154054290062287] [129, 0.7793883659201084] [161, 0.6013440947260467] [166, -0.5965429987524087] [178, 1.448699752239917]
1.99933889102 0.0 6 [2, -2.4249361222190924] [60, -1.6197939046534344] [129, 0.8339705225067489] [161, 0.6346460617548724] [166, -0.6420047667460733] [178, 1.5030558381137782]
1.9807058944 0.0 5 [60, -1.7231403606215818] [129, 0.8942669079589383] [161, 0.6710147514338978] [166, -0.6941120746619389] [178, 1.5577895965792958]
2.09759188813 0.0 5 [60, -1.8231839355700559] [129, 0.9607938997875936] [161, 0.7108227361695292] [166, -0.7539785687940057] [178, 1.6126153450810543]
2.06767687288 0.0 5 [60, -1.918365448981167] [129, 1.0344026252913006] [161, 0.7549330929438733] [166, -0.8222005677944058] [178, 1.667202690228149]
2.03705353757 0.0 5 [60, -2.0071973101284275] [129, 1.114873501686847] [161, 0.8033708627331491] [166, -0.9006012138862656] [178, 1.7212677907087892]
1.8933540401 0.0 5 [60, -2.0895270642263966] [129, 1.2026433244188297] [161, 0.8572855699528716] [166, -0.9894058902435408] [178, 1.7744066490790669]
2.03238997944 0.0 6 [25, 0.006640999564013761] [60, -2.1645783541521797] [129, 1.2965840626273328] [161, 0.9164708365140566] [166, -1.0902557535505584] [178, 1.8264625475696352]
2.05799020162 0.0 6 [25, 0.006538682040997834] [60, -2.232413714870644] [129, 1.3957106939199528] [161, 0.9813441415646329] [166, -1.203056664055039] [178, -4.405942803310459]
1.96840851414 0.0 6 [25, 0.006962655882762903] [60, -2.2941555433561147] [129, 1.4986865004621306] [161, 1.0528951864041245] [166, -1.3259539537572227] [178, -4.356862507687853]
1.96280548957 0.0 6 [25, 0.007085578308846152] [60, -2.3495414170035236] [129, 1.6032125611692454] [161, 1.1305520297535798] [166, -1.4569620319355323] [178, -4.309397479030012]
2.02985998907 0.0 6 [25, 0.007883104030799615] [60, -2.399948423922836] [80, -0.5102459931352077] [129, 1.7070019507512466] [161, 1.2147359224852243] [166, -1.591838079011762]
2.05165029389 0.0 6 [25, 0.008372261421496496] [60, -2.445100060056477] [80, -0.5359556505819683] [129, 1.8079688522244464] [161, 1.304285112637924] [166, -1.7260180502734102]
1.95194089724 0.0 6 [25, 0.008446854023355321] [60, -2.4855186158954385] [80, -0.5643970340577904] [129, -4.378708899250955] [161, 1.3983299447601052] [166, -1.8545506677720298]
2.0658563652 0.0 6 [25, 0.009444198280284866] [60, -2.522596794543412] [80, -0.595061315103778] [129, -4.288540568400572] [161, 1.4957790927751962] [166, -1.974483674895521]
1.98985978521 0.0 6 [25, 0.009499893467199705] [60, -2.5555984432516285] [80, -0.6294245708387121] [129, -4.204645550071255] [161, 1.5946239685096995] [166, -2.082687192911346]
2.00923716145 0.0 6 [25, 0.010718079786071755] [60, -2.5861182475377342] [80, -0.6667036004241007] [129, -4.128334543994398] [161, 1.6930382245644164] [166, -2.1797365919862655]
1.97053468802 0.0 6 [25, 0.01141225681971747] [60, -2.6135914261871105] [80, -0.7082805984701648] [129, -4.058677837664184] [161, 1.7892317242111906] [166, -2.2648236647489903]
1.99765248963 0.0 6 [25, 0.011306561985348296] [60, -2.6383239988103213] [80, -0.7546906080549269] [129, -3.995262859942062] [161, -4.401386879512347] [166, -2.338749250002868]
2.01506992855 0.0 5 [25, 0.013014389052282027] [80, -0.8053564104120978] [129, -3.9387184607390098] [161, -4.314270979125713] [166, -2.4041588656080424]
2.00367204344 0.0 5 [25, 0.013908243063541548] [80, -0.8619276919172747] [129, -3.887360086611722] [161, -4.232762938900179] [166, -2.460794962844517]
1.99415027643 0.0 5 [25, 0.01798992573478575] [80, -0.9237241042180657] [129, -3.8418519938123685] [161, -4.158180420918244] [166, -2.5113666829167007]
2.03157362968 0.0 6 [25, 0.02185176644712783] [80, -0.9924200554769125] [119, 0.6883482423758966] [129, -3.800376914206399] [161, -4.089561891353922] [166, -2.555305765190175]
2.00964713187 0.0 6 [25, 0.024941115270259218] [80, -1.0682896892750957] [119, 0.721709716497009] [129, -3.7623953679311417] [161, -4.026579714834944] [166, -2.5934811903160764]
1.91354174138 0.0 6 [25, 0.038435273137701564] [80, -1.1501648879618376] [119, 0.7585960645449088] [129, -3.7288408538715214] [161, -3.9702294039164934] [166, -2.628342627878028]
2.03631799595 0.0 6 [25, 0.06407189531932733] [80, -1.2389624880481942] [119, 0.7981052269323587] [129, -3.697872403450918] [161, -3.91866023723549] [166, -2.658799952935142]
2.0103864391 0.0 6 [25, 0.28480700582952156] [80, -1.3331960169042865] [119, 0.8413492782597638] [129, -3.6701415250531215] [161, -3.872435947931744] [166, -2.6865889176833653]
2.03971640454 0.0 6 [25, -3.257781888273155] [80, -1.4322012759786467] [119, 0.8876801936931953] [129, -3.644287441680696] [161, -3.8299628845623914] [166, -2.710936994679614]
2.03741663562 0.0 5 [25, -3.1765047162862237] [80, -1.5338874137893934] [119, 0.9372712220868733] [161, -3.7907130904330737] [166, -2.7321842499130287]
1.97217416576 0.0 6 [25, -3.164369567454637] [76, 0.9457740564224686] [80, -1.6360656415293424] [119, 0.9918655682008479] [161, -3.756122326818092] [166, -2.7525752715040115]
2.02113404656 0.0 5 [25, -3.1543094393946336] [76, 0.987362504350279] [80, -1.736659258818023] [119, 1.0500448926877546] [161, -3.723875712839283]
1.97034613987 0.0 5 [25, -3.154981140168989] [76, 1.0322738218464984] [80, -1.8344813632779942] [119, 1.1134991849987426] [161, -3.695774787364986]
1.99851697419 0.0 5 [25, -3.1521055096262955] [76, 1.0791533637828135] [80, -1.9270820585143795] [119, 1.1804681907567645] [161, -3.669271142312305]
1.92086110682 0.0 4 [25, -3.146418197020955] [76, 1.1279180814607859] [80, -2.0126730302263485] [119, 1.250751003182061]
1.89681221039 0.0 4 [25, -3.147853460601488] [76, 1.18019070398271] [80, -2.093372188436342] [119, 1.3256478330485937]
1.92124262669 0.0 4 [25, -3.145475164437171] [76, 1.2341180219231997] [80, -2.166012491090723] [119, 1.4028509925039234]
1.96897858596 0.0 5 [25, -3.150528363717495] [76, 1.2912959800511805] [80, -2.235224894107729] [119, 1.4826860463587108] [123, 1.3327817378255533]
1.96734380716 0.0 5 [25, -3.1471146618120747] [76, 1.3490146407747021] [80, -2.2942793543513873] [119, 1.5630031931953257] [123, 1.3819571776482453]
2.017840196 0.0 5 [25, -3.1373818100074216] [76, 1.4073414187235818] [80, -2.34309215783197] [119, 1.643811048900365] [123, 1.4313615522382435]
2.02298206234 0.0 5 [25, -3.1389644891213506] [76, 1.468775617989535] [80, -2.3932503952990642] [119, 1.724006767510148] [123, 1.4829009370248452]
0.0313857531975 0.0 5 [25, -3.1389644891213506] [76, 1.468775617989535] [80, -2.3932503952990642] [119, 1.724006767510148] [123, 1.4829009370248452]
0.0471533773975 57.295779513 5 [25, -2.138964489122787] [76, 2.468775617988099] [80, -1.3932503953005004] [119, 2.724006767508712] [123, 2.482900937023409]
0.00831907527964 57.295779513 5 [25, -1.1389644891242239] [76, 3.468775617986662] [80, -0.3932503953019375] [119, 3.7240067675072748] [123, 3.482900937021972]
-0.000350619807663 54.2573321525 5 [25, -0.19199539971491641] [76, 4.4157447073959695] [80, 0.55371869410737] [119, 4.6709758569165825] [123, 4.42987002643128]
2.00320817504 0.0 5 [25, -0.20829417263019256] [76, 4.3575091974150615] [80, 0.592208211777993] [119, 4.591054806102474] [123, 4.3807663641116275]
2.03148055497 0.0 5 [25, -0.22772844135778403] [76, 4.301723617675567] [80, 0.6355546323256773] [119, 4.512686880502292] [123, 4.3333013047237205]
1.97654825642 0.0 4 [25, -0.2509805884397456] [76, 4.248516663509943] [80, 0.6847324622896693] [119, 4.436732899799106]
2.01754945014 0.0 4 [25, -0.27928582698334314] [76, 4.1979876198573916] [80, 0.7406968843437609] [119, 4.363900622294916]
1.90865083102 0.0 4 [25, -0.31445596930184316] [76, 4.150172105933228] [80, 0.8045078364431093] [119, 4.294711394037136]
2.00871630757 0.0 4 [25, -0.3596176434550138] [76, 4.105137528743461] [80, 0.8770994662217728] [119, 4.229590933045918]
1.98814274431 0.0 4 [25, -0.4188286713597875] [76, 4.062746028100244] [80, 0.9597229637363942] [119, 4.168625322564363]
1.97140259696 0.0 4 [25, -0.4992267688716241] [76, 4.022906113600721] [80, 1.0532061742276146] [119, 4.111830945795828]
2.00395050959 0.0 4 [25, -0.6128782808033728] [80, 1.1578424084602001] [119, 4.059115710875518] [161, -0.8443615933081982]
1.918701068 0.0 5 [25, -0.7801279887958661] [80, 1.2730271287359598] [119, 4.01031061932724] [161, -0.8843462314043555] [166, 0.10151283422778867]
2.01162192998 0.0 5 [25, -1.0314930973850411] [80, 1.3968686711226634] [119, 3.9653116781713376] [161, -0.9272084788415609] [166, 0.10698599512438722]
2.01429608679 0.0 5 [25, -1.3858830158480921] [80, 1.5263814359228867] [119, 3.923759482337436] [161, -0.9729818848163965] [166, 0.11312920336005128]
1.93204543322 0.0 5 [25, 4.492004060135212] [80, 1.6574290751802343] [119, 3.8853947358629206] [161, -1.021767742653465] [166, 0.12006574822254512]
2.04661150253 0.0 6 [25, 4.14658544682301] [80, 1.7855780523559706] [119, 3.849959483082589] [129, -0.8562062819609332] [161, -1.0736246620843517] [166, 0.12795083217808334]
2.03832104717 0.0 6 [25, 3.904920578770459] [80, 1.9070658691237423] [119, 3.8173195924103585] [129, -0.895859288237198] [161, -1.1286318700297775] [166, 0.1367786910562867]
1.97766361153 0.0 5 [25, 3.7437785612163035] [80, 2.019112431946401] [129, -0.9381644707363208] [161, -1.1866244317229264] [166, 0.1469787325912424]
1.94481471011 0.0 5 [25, 3.633874899869223] [80, 2.120295923349029] [129, -0.9832356313764925] [161, -1.2474393158652095] [166, 0.1588823172649967]
1.95991890755 0.0 5 [25, 3.555806309680552] [80, 2.2103314812298196] [129, -1.0311577613802188] [161, -1.3108153530318445] [166, 0.17293536976312307]
2.07825799137 0.0 5 [25, 3.4980958728016214] [80, 2.289716195850761] [129, -1.081975443608298] [161, -1.376388377171926] [166, 0.18975184392001032]
2.05908143169 0.0 6 [25, 3.4542984593203325] [60, 0.10686452795857848] [80, 2.359578397655932] [129, -1.1357571383598488] [161, -1.443720817234733] [166, 0.20988209999417262]
1.95228412362 0.0 6 [25, 3.419810609137362] [60, 0.1124896753222655] [80, 2.4208215246920073] [129, -1.1923354185311046] [161, 4.7709761883868484] [166, 0.23483622188400632]
1.93008259816 0.0 6 [25, 3.391989345363892] [60, 0.11878264742293121] [80, 2.47455116069918] [129, -1.2515524884621527] [161, 4.701945669296135] [166, 0.2665013897692061]
1.94508412115 0.0 6 [25, 3.369087180762171] [60, 0.12586210932984776] [80, 2.5217984538682447] [129, -1.3131629328491718] [161, 4.633016322538385] [166, 0.30785710604837924]
2.00881359523 0.0 6 [25, 3.3499090293167963] [60, 0.13387628821415287] [80, 2.5634816955599087] [129, -1.3768299889382405] [161, 4.564825752198596] [166, 0.36385075216039664]
1.95856751206 0.0 6 [25, 3.333877700438232] [60, 0.14278169552772457] [80, 2.6005969335451713] [129, -1.4421582700680249] [161, 4.498020600295434] [166, 0.44249450315141625]
2.03409565539 0.0 6 [25, 3.3200847912686573] [60, 0.15301593736314856] [80, 2.6336101548473607] [129, 4.774597796233118] [161, 4.433105967124737] [166, 0.5604938576875489]
1.97814248635 0.0 6 [25, 3.308086566035721] [60, 0.16488530677470292] [80, 2.663096418126795] [129, 4.707626392190825] [161, 4.370514231669156] [166, 0.749261314785939]
1.99893186713 0.0 6 [25, 3.2975482734832644] [60, 0.1787966577394835] [80, 2.689540963836298] [129, 4.640699598803027] [161, 4.310576008797906] [166, 1.0631791644733968]
2.03469556069 0.0 6 [25, 3.288400756375464] [60, 0.19501378261312863] [80, 2.713510448708992] [129, 4.57443086876025] [161, 4.253606867415219] [166, 1.533257217883093]
1.98815312114 0.0 6 [25, 3.2802361060132252] [60, 0.21453408933923135] [80, 2.735180943187964] [129, 4.509368883583312] [161, 4.1996664522349905] [166, 2.020119881475887]
2.03494593445 0.0 5 [25, 3.2728986680718872] [60, 0.23843422305122575] [129, 4.446003763820018] [161, 4.148800841091462] [166, 2.3574577960495766]
1.9315127801 0.0 5 [25, 3.2662637585872574] [60, 0.2683015599991885] [129, 4.384746999366386] [161, 4.100988306786242] [166, 2.5605285966597897]
2.03240695918 0.0 4 [60, 0.30656521529708614] [129, 4.325921093914411] [161, 4.056154635721748] [166, 2.686283935482199]
1.93531959112 0.0 4 [60, 0.3565934331708913] [129, 4.269842603824086] [161, 4.014299042989143] [166, 2.7698743921992346]
2.01334046337 0.0 5 [2, 0.13979849149330126] [60, 0.4252540232944013] [129, 4.216585521242324] [161, 3.9751746838315167] [166, 2.8284009592509882]
1.96989976878 0.0 4 [2, 0.1471631353281735] [60, 0.5240003317550013] [129, 4.166213854777348] [166, 2.8713524998766085]
1.9809531451 0.0 4 [2, 0.15538519690819097] [60, 0.6739117604522307] [129, 4.118727200861525] [166, 2.90407041067633]
1.97651162234 0.0 4 [2, 0.16441740916894831] [60, 0.9115823228032036] [129, 4.074182172816415] [166, 2.9301048154577174]
1.97660298841 0.0 4 [2, 0.17461843714203806] [60, 1.2827111791930352] [129, 4.032385791579259] [166, 2.951035246290216]
2.05371360514 0.0 4 [2, 0.1862184501502897] [60, 1.7517137055517018] [129, 3.9932183163539188] [166, 2.968195423328744]
2.05163984507 0.0 3 [2, 0.1995111646125507] [60, 2.155819182468411] [166, 2.9824954647435398]
1.93090909676 0.0 3 [2, 0.2148769737038736] [60, 2.422174157487949] [166, 2.994576328132985]
1.9281627444 0.0 3 [2, 0.2325327062170055] [60, 2.5892442266971223] [166, 3.0051477235051003]
2.10920152738 0.0 3 [2, 0.25338509471403414] [60, 2.6978510629089554] [166, 3.0142769596205525]
2.02518699972 0.0 3 [2, 0.2783419570771568] [60, 2.7724151478458197] [166, 3.0222290883929697]
2.00720223234 0.0 3 [2, 0.30867680294587085] [60, 2.826169850327214] [166, 3.0292080959190786]
2.04206125274 0.0 3 [2, 0.3458069777813253] [60, 2.8669537208412574] [166, 3.035571559267626]
2.0112933132 0.0 3 [2, 0.3927715023182752] [60, 2.898565906258197] [166, 3.0412286564432343]
2.07331228596 0.0 2 [2, 0.45369479552851333] [60, 2.923713935509368]
2.03958065213 0.0 2 [2, 0.5350669980711971] [60, 2.9441497963080625]
1.99224117486 0.0 2 [2, 0.647270546981414] [60, 2.9610517755025283]
1.96706418816 0.0 2 [2, 0.805835492522937] [60, 2.9755318053743185]
2.06262207491 0.0 2 [2, 1.033185679259389] [60, 2.987843471052079]
2.02674399673 0.0 2 [2, 1.3428449374262155] [60, 2.998424046597589]
1.96201481097 0.0 2 [2, 1.7023691664627363] [60, 3.007601174220717]
2.03899406749 0.0 2 [2, 2.0321460360740735] [60, 3.0158559081423153]
1.96771993348 0.0 3 [2, 2.2824381322412073] [50, 0.26353504690582086] [60, 3.023127360897224]
2.00662505795 0.0 3 [2, 2.4580793206507083] [50, 0.2773980189884542] [60, 3.0295722290884015]
1.91924051858 0.0 3 [2, 2.5809952327993715] [50, 0.29280986287641686] [60, 3.0353155843314745]
2.00246150144 0.0 2 [2, 2.6692910543113335] [50, 0.3100280233228867]
1.96392862652 0.0 2 [2, 2.735319002274834] [50, 0.32912883266562853]
1.98785999003 0.0 2 [2, 2.785824693573413] [50, 0.35071145473218057]
2.0252020903 0.0 2 [2, 2.82548293651449] [50, 0.37525562630592235]
1.99455684224 0.0 2 [2, 2.8573266247785982] [50, 0.4033640355891521]
1.92872949917 0.0 2 [2, 2.8837565470480158] [50, 0.43549138432813317]
1.9381819363 0.0 2 [2, 2.9057412776776523] [50, 0.4728814126061629]
2.03162246212 0.0 2 [2, 2.9242800421164334] [50, 0.516782684126315]
2.01714614542 0.0 2 [2, 2.940097645058245] [50, 0.5688057760834193]
2.0186372367 0.0 2 [2, 2.953731263038663] [50, 0.6310209156301656]
1.96711166886 0.0 2 [2, 2.965858862578173] [50, 0.7056322018578982]
1.93984426817 0.0 2 [2, 2.9764910137152194] [50, 0.7962346461522996]
1.87419941744 0.0 2 [2, 2.9858757352538827] [50, 0.906452740178169]
1.99797217454 0.0 2 [2, 2.994209308509479] [50, 1.0396488988483423]
1.98788822172 0.0 2 [2, 3.0016489910135444] [50, 1.19739327968972]
1.9592578351 0.0 1 [50, 1.3769150885454418]
2.03369974564 0.0 1 [50, 1.5700455756753844]
2.04076684431 0.0 1 [50, 1.7632755765968933]
2.05645725118 0.0 1 [50, 1.943053634356002]
1.93707815701 0.0 1 [50, 2.1011375445799825]
1.95523723543 0.0 1 [50, 2.2346737789176565]
2.05742193165 0.0 1 [50, 2.3451867978104497]
2.0256748678 0.0 1 [50, 2.436023188018737]
1.98323646866 0.0 1 [50, 2.510807819600963]
2.03222447834 0.0 1 [50, 2.573199128647744]
1.96168859213 0.0 1 [50, 2.6253532254474576]
2.03796803219 0.0 1 [50, 2.669346159785098]
2.02580673068 0.0 1 [50, 2.7067936553467202]
1.91991833867 0.0 2 [50, 2.7393096272152127] [61, 0.9784983780584902]
2.01704965416 0.0 2 [50, 2.7674704987285033] [61, 1.0221178249293799]
1.95384622605 0.0 3 [50, 2.7920424698052386] [61, 1.0682329013987817] [78, 0.32330759922374375]
1.99499295221 0.0 3 [50, 2.813630325367674] [61, 1.1168407901349091] [78, 0.3403723671411616]
2.00731487356 0.0 3 [50, 2.8327154524601124] [61, 1.167890037868766] [78, 0.3593164651609797]
1.94505269853 0.0 3 [50, 2.849975626042566] [61, 1.2211648644870856] [78, 0.3801418730273345]
1.99654666942 0.0 3 [50, 2.8654081930761093] [61, 1.276628062922857] [78, 0.40347846131986476]
2.00044828495 0.0 3 [50, 2.8792716798111764] [61, 1.3340437110655052] [78, 0.4297639792282564]
1.96422263818 0.0 3 [21, 0.5723436296294528] [61, 1.3931067790936702] [78, 0.4595334945726821]
2.01160178736 0.0 3 [21, 0.6008314090542435] [61, 1.4534073279533175] [78, 0.49306546405906326]
2.00720082447 0.0 3 [21, 0.6319755924759314] [61, 1.5146048459960648] [78, 0.53150524247299]
2.0613257678 0.0 3 [21, 0.6660848165236553] [61, 1.5762399627510824] [78, 0.5758455714691848]
2.03856928675 0.0 4 [21, 0.7034990145780913] [61, 1.6378329727806877] [78, 0.6273041565501931] [139, 0.4159658123217518]
2.02541943302 0.0 4 [21, 0.7445870481041028] [61, 1.6989056442013444] [78, 0.6873559917870435] [139, 0.4382855756731976]
2.00463418773 0.0 4 [21, 0.7894608883816099] [61, 1.7590708710436707] [78, 0.7572619267757104] [139, 0.4627014448872355]
2.02683265608 0.0 4 [21, 0.8388029340489103] [61, 1.8178885475112672] [78, 0.8394552485821583] [139, 0.4898566673992861]
2.03833068637 0.0 4 [21, 0.8930165046385954] [61, 1.8749980227419252] [78, 0.9359735578467341] [139, 0.5201768809272287]
2.00975137958 0.0 4 [21, 0.9524687433023671] [61, 1.9301037061798614] [78, 1.0485147733807454] [139, 0.5541654161658951]
2.02468102523 0.0 4 [21, 1.0171843410797028] [61, 1.9831215254038697] [78, 1.177370891666764] [139, 0.5920382378310454]
2.04701698591 0.0 4 [21, 1.087591114112761] [61, 2.0337953025584614] [78, 1.321746131312166] [139, 0.6347977278622488]
2.06279024029 0.0 4 [21, 1.1636917144511154] [61, 2.0820097772906] [78, 1.4776324269283359] [139, 0.6832953730386875]
2.04852695337 0.0 4 [21, 1.2451869905367736] [61, 2.1277192903780175] [78, 1.6382081542183677] [139, 0.7384585793532314]
2.00614380168 0.0 4 [21, 1.3314459275784654] [61, 2.170925451295326] [78, 1.7953463570689154] [139, 0.8013130243081446]
1.97254957179 0.0 3 [21, 1.4213867976846266] [78, 1.9422440600018593] [139, 0.8725059871317578]
1.97487393697 0.0 4 [21, 1.5138941061788158] [63, -0.661607880683148] [78, 2.074187003641641] [139, 0.953511029558282]
1.9663738295 0.0 4 [21, 1.6074156892088387] [63, -0.6948763240933986] [78, 2.1894204888329183] [139, 1.0451503854478517]
2.0559065515 0.0 4 [21, 1.7002943626239386] [63, -0.7309606910835565] [78, 2.288361009980483] [139, 1.147745286397243]
2.02121714487 0.0 4 [21, 1.7910777431567053] [63, -0.7704389750437262] [78, 2.373180711384049] [139, 1.2605023177711894]
2.05113411041 0.0 5 [21, 1.8783545244250892] [63, -0.8133126403706782] [78, 2.4453343901770026] [121, -0.18110683239137937] [139, 1.3821896455238616]
1.97128809156 0.0 5 [21, 1.9610499617176032] [63, -0.8598766496079043] [78, 2.5068123553052573] [121, -0.19111025340944243] [139, 1.5098863772879423]
1.97153174235 0.0 5 [21, 2.0384466508603456] [63, -0.9104180096176804] [78, 2.5594046076064005] [121, -0.20216497120040589] [139, 1.6396250213409915]
1.94681870078 0.0 5 [21, 2.110169236414877] [63, -0.9651970927377276] [78, 2.6046344809517192] [121, -0.21445682436798785] [139, 1.7670470316004778]
2.07613243959 0.0 5 [21, 2.1764632602427207] [63, -1.0247067896649957] [78, 2.6442755780257974] [121, -0.22870466191195926] [139, 1.888522437004038]
2.02771350828 0.0 5 [21, 2.237156989462882] [63, -1.0887483343266595] [78, 2.6788012485458097] [121, -0.2447865592362497] [139, 2.0010777549169836]
2.09098682153 0.0 5 [21, 2.292510892383297] [63, -1.1573019336220993] [78, 2.7090467784942573] [121, -0.26309362079946563] [139, 2.1030904831406065]
1.96128058848 0.0 5 [21, 2.3428768915397313] [63, -1.2301814110949865] [78, 2.7356907520287503] [121, -0.28413452361881086] [139, 2.194093793910115]
2.02500671172 0.0 5 [21, 2.3890302613006806] [63, -1.3071709681935948] [78, 2.7597374539231723] [121, -0.3092611109275101] [139, 2.2749685950884384]
1.89726490353 0.0 5 [21, 2.4310018820400847] [63, -1.3873955748468152] [78, 2.781152636676702] [121, -0.33882093061499563] [139, 2.3460648326329565]
1.99398797815 0.0 5 [21, 2.4691851779387584] [63, 4.813171991803984] [78, 2.8003101560537953] [121, -0.37408309018492747] [139, 2.4084110001544268]
2.01577193022 0.0 5 [21, 2.5039533701485785] [63, 4.729177887607558] [78, 2.817519081346565] [121, -0.4168198029448187] [139, 2.4630840540396903]
1.95568844884 0.0 4 [21, 2.5356520609182693] [63, 4.644931036086117] [121, -0.4695559453400173] [139, 2.511107888348528]
2.0404584181 0.0 4 [21, 2.564974024378694] [63, 4.5616842705250145] [121, -0.5370741883266429] [139, 2.553935009285637]
2.01041434949 0.0 3 [63, 4.480509815944947] [121, -0.6238221042290584] [139, 2.5918158467508157]
2.10282714279 0.0 3 [63, 4.402310475412065] [121, -0.737522676282678] [139, 2.625440289714734]
2.01228280756 0.0 3 [63, 4.32778265623797] [121, -0.8885397747082264] [139, 2.655396265728001]
1.92543613841 0.0 3 [63, 4.257400389636926] [121, -1.0879482578762123] [139, 2.6821818355765297]
1.96902591184 0.0 3 [63, 4.191778516902968] [121, -1.3400202744160286] [139, 2.7066996717791314]
2.15782961316 0.0 3 [63, 4.130698576668442] [121, 4.65873237008228] [139, 2.728796178853676]
1.99076719416 0.0 2 [63, 4.074081569678285] [121, 4.38257648978879]
1.96374290419 0.0 2 [63, 4.021748561406651] [121, 4.14917979161788]
2.04436007286 0.0 2 [63, 3.973897064907738] [121, 3.9692504247364875]
1.98625710036 0.0 3 [63, 3.9298186467271394] [121, 3.833790411627522] [194, 0.9170842479644541]
1.99231393364 0.0 3 [63, 3.8892098946107296] [121, 3.7314130287911143] [194, 0.9592205352872611]
1.9565151481 0.0 3 [63, 3.8517701643335753] [121, 3.6526866461358773] [194, 1.0040783529656492]
2.01608605537 0.0 3 [63, 3.817210943916904] [121, 3.590843037515473] [194, 1.0517105184706257]
1.9946709092 0.0 3 [63, 3.785736691661337] [121, 3.5424355753449044] [194, 1.1018162213001002]
1.92933844875 0.0 2 [121, 3.502872275489815] [194, 1.1546937565155126]
1.99257074856 0.0 2 [121, 3.4699516576058267] [194, 1.210233309400598]
1.96653504604 0.0 2 [121, 3.4421180450490123] [194, 1.26824413955702]
1.98187502427 0.0 2 [121, 3.4192357342789945] [194, 1.328251456389782]
2.02296141049 0.0 2 [121, 3.3993865473485494] [194, 1.3901777478580961]
1.96850477828 0.0 2 [121, 3.3819702443091] [194, 1.4535874178280481]
1.96335843842 0.0 2 [121, 3.366529604016918] [194, 1.5179725429696636]
2.02050801895 0.0 2 [121, 3.3527105649895317] [194, 1.582773600998668]
1.97498137652 0.0 2 [121, 3.3410707604427543] [194, 1.647482192620353]
2.02230127768 0.0 2 [121, 3.3304907113927573] [194, 1.7115719404164735]
1.97359864227 0.0 2 [121, 3.3208011098288157] [194, 1.7744938036599802]
1.91815734965 0.0 1 [194, 1.8357527350822782]
1.99632414744 0.0 1 [194, 1.8952607346909318]
1.97080368165 0.0 1 [194, 1.952459476627536]
1.89847295059 0.0 1 [194, 2.007084228122209]
2.02166473398 0.0 1 [194, 2.0589539416515796]
1.96740244356 0.0 1 [194, 2.10796407306829]
2.08820494199 0.0 1 [194, 2.154691638088541]
2.03107281596 0.0 1 [194, 2.198607496994704]
1.92883588438 0.0 2 [96, 0.9888658286670016] [194, 2.2397546969128523]
1.91857218776 0.0 1 [96, 1.032604551182825]
1.97415268024 0.0 2 [96, 1.078232359697248] [99, -0.7640046827237716]
1.9518422343 0.0 2 [96, 1.1264024031387365] [99, -0.8007050258904661]
2.02610694584 0.0 2 [96, 1.1770519064234242] [99, -0.8399684061415484]
1.95301451352 0.0 2 [96, 1.230050915967947] [99, -0.8819661707783694]
1.99727490133 0.0 2 [96, 1.285192789471808] [99, -0.9268635262327498]
1.93329354157 0.0 2 [96, 1.341756417445686] [99, -0.9759428310253894]
2.0383225127 0.0 2 [96, 1.4000084839335611] [99, -1.028191775902505]
2.00536154549 0.0 2 [96, 1.4595412982137688] [99, -1.0836655678521256]
2.00449170753 0.0 2 [96, 1.5198735044098786] [99, -1.1423634398237912]
1.96863073596 0.0 2 [96, 1.5804942694003363] [99, -1.2053242491377376]
1.98623953775 0.0 2 [96, 1.6411654885408529] [99, -1.2710872196890415]
2.0150869853 0.0 3 [1, 0.7328009797644579] [96, 1.7013247918708967] [99, -1.3393383536112533]
2.03137084104 0.0 3 [1, 0.7681908554285493] [96, 1.7603948934740854] [99, -1.4096830257837274]
2.05350041029 0.0 3 [1, 0.8069403785806373] [96, 1.8177921059835118] [99, 4.801516865588207]
2.04141330623 0.0 3 [1, 0.8464173600520788] [96, 1.8743914464949627] [99, 4.728190589995982]
1.96716592264 0.0 3 [1, 0.8896658338184535] [96, 1.9289252025039916] [99, 4.654902864136026]
1.95433145813 0.0 3 [1, 0.9371403039358703] [96, 1.980844691980342] [99, 4.5821178961938385]
2.02579362443 0.0 3 [1, 0.9893977186758127] [96, 2.029398570979442] [99, 4.510063561695612]
1.947084788 0.0 3 [1, 1.0393992542592347] [96, 2.079461456559266] [99, 4.4429791771099305]
1.9264661492 0.0 3 [1, 1.0934434207115287] [96, 2.127506754624574] [99, 4.379308545158037]