427
0.0348248447054 -0.43422974603 2 [10, 4.3906384259880475] [190, 5.034139534781332]
-0.0120557053065 30.86680311 2 [10, -1.3501153112029716] [190, -0.7066142024096873]
1.94980215089 1.06266371213 2 [10, -1.4126119136421602] [190, -0.780880571239674]
2.03387542128 -0.14367243104 2 [10, -1.4763718373550123] [190, -0.8681234591651652]
1.92988451282 0.747550173003 2 [10, -1.5409228310174417] [190, -0.9706316235099273]
2.01555727551 0.117085324602 2 [10, -1.6057176264397617] [190, -1.0896798765328857]
2.03812794237 0.232141464572 3 [10, -1.670228298879942] [92, -0.26873496386332896] [190, -1.225468716152541]
1.91753927532 0.654357168439 3 [10, -1.7339412147751165] [92, -0.2831785303042613] [190, -1.3758736970786059]
1.92752528252 0.267258925719 3 [10, -1.7963351821227178] [92, -0.2993463365636737] [190, -1.53582652309629]
1.9630661817 0.322010422619 3 [10, -1.8570154291585905] [92, -0.3173417191669827] [190, -1.69760449964817]
2.02740269214 -0.513403654435 3 [10, -1.915638796774076] [92, -0.33749099441336305] [190, -1.853136914783584]
1.95976318836 0.636060266415 3 [10, -1.9718617265362304] [92, -0.36041995089039336] [190, -1.9958559952552144]
1.97918329402 0.446242178669 3 [10, -2.025559741388232] [92, -0.38644678534973753] [190, -2.1224255122734292]
2.01596343414 0.0923489838952 3 [10, -2.0766231019964665] [92, -0.4162202536012476] [190, -2.232145758068407]
1.98365509677 0.606378261465 3 [10, -2.1250065013529533] [92, -0.45056898691565106] [190, -2.3260816824578288]
2.02742993936 0.936714286038 4 [10, -2.1706103629529894] [92, -0.4908548888323754] [96, 0.32215882244331695] [190, -2.4058344818154542]
1.95587171861 -0.517626495764 4 [10, -2.213585739808361] [92, -0.5382084622041088] [96, 0.3393759375623633] [190, -2.473789982185778]
1.99474953433 0.163640803509 5 [10, -2.253825104916176] [92, -0.5949884319741683] [96, 0.3581797396871078] [163, -1.267841432183129] [190, -2.5314487642814765]
1.97471408479 -0.62828445031 4 [92, -0.6633748579822489] [96, 0.3789596731286844] [163, -1.316827212166654] [190, -2.580738472262895]
2.05482141759 -0.43960880051 4 [92, -0.7459553259825382] [96, 0.40226766576690487] [163, -1.3670535088867704] [190, -2.6233735644232095]
1.93534068982 0.308434924046 4 [92, -0.8461828284106101] [96, 0.428549680485121] [163, -1.418315661779939] [190, -2.6605119572473455]
1.99441880661 0.591521453927 4 [92, -0.9677020632411484] [96, 0.4583521208502299] [163, -1.470379723228544] [190, -2.693088340035432]
2.02575001922 0.796565443435 4 [92, -1.1136353762020708] [96, 0.4920793542720743] [163, -1.5229976431644818] [190, -2.7216166021363235]
2.08669471595 0.0639042838739 4 [92, -1.2834924888481334] [96, 0.5307971097559872] [163, -1.5758634496590158] [190, -2.746963438502474]
1.92308023093 0.686015595668 4 [92, -1.4718988351653293] [96, -5.70765813128333] [163, -1.6286940047022647] [190, -2.769621189596377]
2.02665604736 0.0545587463003 4 [92, -1.6674276483547121] [96, -5.655980121062679] [163, -1.681183534527423] [190, -2.7897735203199705]
2.00762553438 -0.110879854194 4 [92, -1.8557330320290686] [96, -5.595536498649912] [163, -1.7330632203050955] [190, -2.807982498547354]
1.8573071022 0.127898901521 4 [92, -2.0254947227242748] [96, -5.524513241304753] [163, -1.784082097448287] [190, -2.8245184753118804]
2.04605559525 -0.0598468566476 3 [92, -2.171365612698638] [96, -5.440863518079156] [163, -1.834015388285203]
1.93741211157 0.472397991536 3 [92, -2.2928169890410994] [96, -5.342841029598948] [163, -1.8826007314293216]
1.97560566873 0.321758272427 2 [92, -2.3930131134430788] [96, -5.22833822988673]
2.02351018942 0.0300637983766 3 [92, -2.475603812485552] [96, -5.096729231041424] [194, -0.8309640758177119]
1.93396729397 -1.16648485041 3 [92, -2.543616920822951] [96, -4.949718970512599] [194, -0.8704660938763702]
2.02356452403 -0.546014831352 3 [92, -2.6004168808281563] [96, -4.791420010386721] [194, -0.9127189100287749]
2.08144592804 -0.214718045374 3 [92, -2.6483216115878636] [96, -4.629085120801606] [194, -0.9578658931199309]
2.01093173751 0.457312130554 3 [92, -2.689134257726716] [96, -4.471125124680082] [194, -1.0060259497917432]
2.12870689677 0.0499175904212 3 [92, -2.723880798585033] [96, -4.324422768317348] [194, -1.0574331324971507]
1.99179890692 0.180560286858 3 [92, -2.754040638432276] [96, -4.193446626050112] [194, -1.1119492687804637]
1.98644402986 0.392514164094 3 [92, -2.780449999939053] [96, -4.079632408195837] [194, -1.1695311244012982]
1.93540436378 0.490434618194 3 [92, -2.80343475764103] [96, -3.9818617798026876] [194, -1.2301719350162887]
1.93083684236 1.21687829731 3 [92, -2.823868764358285] [96, -3.8987761722189607] [194, -1.2934966135685526]
2.02289215639 0.0266638367325 3 [92, -2.842162669148382] [96, -3.8282829264234195] [194, -1.3591728373510312]
1.94279649241 1.19128091153 3 [92, -2.8586472611435445] [96, -3.7683433363622765] [194, -1.4267664260573092]
1.98590900717 -0.427290255999 3 [92, -2.8732960041997893] [96, -3.7167183573968945] [194, -1.4957844801706042]
1.92210917402 0.21788099178 2 [96, -3.672353997977213] [194, -1.5655417282595545]
2.01025318849 -0.551764272095 2 [96, -3.6340065225109845] [194, -1.6353974171946328]
2.03361901936 -0.169701391206 2 [96, -3.6002584567716998] [194, -1.7046513534435839]
2.108914951 0.265274517566 2 [96, -3.5700725987432684] [194, -1.772542492912185]
2.09878862046 -0.557726465764 2 [96, -3.5434794717420823] [194, -1.8385824504072108]
2.0139540882 0.322588957683 2 [96, -3.5195623722131018] [194, -1.902180360082915]
1.94555085599 1.27195399826 2 [96, -3.4982706487606134] [194, -1.9630952832244186]
2.11326770734 0.469944143433 2 [96, -3.4792366314255925] [194, -2.0210998977540258]
1.89687745314 -1.0029562006 2 [96, -3.462156503356439] [194, -2.0760652720413773]
2.02760964303 0.138807981713 1 [194, -2.127710833020898]
1.94891457633 0.636932418035 1 [194, -2.176271523848269]
1.91523734534 -0.937635269241 1 [194, -2.2218343660710205]
2.03073618128 0.714396494382 1 [194, -2.2645246861839783]
1.97332538568 1.01156029576 1 [194, -2.304195595240723]
2.05466853183 -0.469896199831 1 [194, -2.34129568994019]
1.96099462445 0.0827699433587 0
1.9336122467 0.108702605209 0
1.98638094326 0.151117456595 1 [198, 0.28365064394816475]
2.01515891941 -0.609075535334 1 [198, 0.2986120568991826]
2.02997472451 0.241470200652 1 [198, 0.31537399102851627]
2.02862753995 -0.372873614479 1 [198, 0.33361950479610236]
1.90432013678 -1.21265358896 1 [198, 0.35425457631612467]
2.04111099692 -0.736188037775 1 [198, 0.37772816595463343]
2.05249736322 0.17457741597 1 [198, 0.4037587933449096]
1.98247599434 0.0176734097742 1 [198, 0.4337294620439174]
1.99084629711 0.157372553495 1 [198, 0.46848291502040595]
2.02009265036 -0.0542185399639 1 [198, 0.5079293140511689]
1.99413063049 -1.02074496594 2 [179, -5.078233124324644] [198, -5.728842019131515]
2.05379598704 -0.682411748479 2 [179, -5.029877576643376] [198, -5.673813584217759]
1.94304074827 -0.615018406244 2 [179, -4.9798953034404825] [198, -5.608132917206767]
1.9873851063 -1.34837565771 2 [179, -4.928725389271912] [198, -5.531126263459796]
1.93589805127 -0.200202947245 2 [179, -4.876341713061635] [198, -5.4384803883441295]
2.10130754431 -0.172519393412 2 [179, -4.823058351481063] [198, -5.327437532985568]
1.93704139161 -0.100436605721 3 [15, -0.01584395065198585] [179, -4.769454316326971] [198, -5.2011053431850405]
1.9296391001 -0.824698202438 4 [12, 0.1282483513041468] [15, -0.0158263128105105] [179, -4.715278050973429] [198, -5.050344802309409]
1.99892921076 0.57472030077 4 [12, 0.13400512962757993] [15, -0.01807888282992476] [179, -4.661077715175232] [198, -4.884101868940834]
2.02878982751 0.528752463427 4 [12, 0.1409420055103876] [15, -0.020061259528702635] [179, -4.607083094055676] [198, -4.706276889300323]
2.03856220727 0.0151148412078 4 [12, 0.1469684310424464] [15, -0.024169227938204862] [179, -4.553414325817926] [198, -4.5271399881167245]
1.97231024337 -0.450163634889 4 [12, 0.15428861128428384] [15, -0.028309446661690885] [179, -4.500478323779192] [198, -4.357069777337813]
2.04027268012 0.0880343954765 4 [12, 0.17043445468645846] [15, -0.024606518085279028] [179, -4.450191325119124] [198, -4.213121800246371]
2.06387125669 0.495438527356 4 [12, 0.17734079397508395] [15, -0.03294960865675378] [179, -4.399152241595982] [198, -4.078407457591524]
1.94516510181 -0.470697002975 4 [12, 0.18536855273283592] [15, -0.042750169828234874] [179, -4.349326913959458] [198, -3.962897361838361]
2.07762705172 0.418529617011 3 [12, 0.22195524371846798] [15, -0.023624106759490004] [198, -3.8964194314024514]
-0.0207122894778 0.113168804202 3 [12, 0.22195524371846798] [15, -0.023624106759490004] [198, -3.8964194314024514]
-0.0364060892933 56.7643655426 3 [12, 1.22195524371703] [15, 0.976375893239072] [198, -2.8964194314038894]
-0.107534500051 19.4153026403 3 [12, 1.5561988719344857] [15, 1.3106195214565277] [198, -2.5621758031864337]
2.05470170467 0.105202766457 3 [12, 1.6441407102274654] [15, 1.405615743500185] [198, -2.6224995245353404]
1.93993588061 -0.721902539523 3 [12, 1.7309797321904057] [15, 1.5037011521763715] [198, -2.6722087867880675]
2.0015274701 0.0897697942619 3 [12, 1.8154961416181168] [15, 1.6031195595521668] [198, -2.7136550227688074]
2.09521202901 0.406632220232 4 [12, -4.386609168646231] [15, 1.7019253131978864] [113, 0.27946299680171993] [198, -2.7488561661182547]
2.00997127038 0.0259582616468 4 [12, -4.309656321914489] [15, 1.7982843053042679] [113, 0.29399701524592103] [198, -2.778776325478625]
1.98571077013 0.830056258921 4 [12, -4.237354539459559] [15, -4.392563070523997] [113, 0.3100245719976753] [198, -2.804510222723525]
1.95595739055 0.015633180592 5 [12, -4.170086947179624] [15, -4.305544474268273] [63, -0.7060228253287959] [113, 0.32797652862714877] [198, -2.8270489167510924]
1.96465409671 -0.00499877828174 5 [12, -4.107787407756946] [15, -4.224504645474643] [63, -0.7405469935454683] [113, 0.3479860598551401] [198, -2.846754101093291]
2.01400160151 -0.194561164014 5 [12, -4.050481407726415] [15, -4.149923067369361] [63, -0.7777899235654311] [113, 0.37063356250234225] [198, -2.864297096554757]
2.00558798588 0.459041818132 5 [12, -3.9978063613358996] [15, -4.081670693002093] [63, -0.8181216440529431] [113, 0.39619506153498474] [198, -2.8798397317289997]
2.07060809789 0.347040031208 5 [12, -3.949465315310562] [15, -4.019509276830312] [63, -0.8617815008581173] [113, 0.42525050230060835] [198, -2.893686813179904]
1.91782586361 0.335323766735 5 [12, -3.905280885554456] [15, -3.9632274630738085] [63, -0.9088657895104171] [113, 0.45878387916395535] [198, -2.906258235676547]
2.00417739488 0.395185019403 4 [12, -3.8647626540952267] [15, -3.9121982206334716] [63, -0.9597122802927696] [113, 0.4975030006729666]
1.96206212597 -0.354000818062 4 [12, -3.827728547017365] [15, -3.866105553843638] [63, -1.014355230653762] [113, 0.5428818112584333]
2.04764666207 -0.400380191586 4 [12, -3.793707706705365] [15, -3.824291794150967] [63, -1.07301824425668] [113, 0.596183889618338]
1.92662861496 0.0810361280156 4 [12, -3.762359357937256] [15, -3.7862471290218327] [63, -1.135726493412435] [113, 0.6592326181516084]
1.97562020663 -0.0689833307659 3 [15, -3.7517747456465136] [63, -1.202208283373468] [113, 0.7348416012990118]
1.98804235895 0.764027740006 3 [15, -3.720322991335767] [63, -1.2722914357688988] [113, 0.8255489010286023]
2.04576789266 -0.0781250466279 3 [15, -3.691715733009535] [63, -1.3454517809276654] [113, 0.9347635192606356]
1.96412031349 -0.190503222284 3 [63, -1.4211504273488096] [113, 1.064805550414591] [122, 0.21461164587373283]
1.97391383448 -1.10455573092 4 [63, -1.498593045920197] [113, 1.2166312087719717] [122, 0.2261814446306527] [132, 0.7945528151613495]
2.00955013055 -1.02789862285 4 [63, -1.5768675090800057] [113, 1.387793769464401] [122, 0.23920091928994314] [132, 0.832853907370418]
2.03115095367 0.0825344782862 4 [63, -1.6550417337138112] [113, 1.5704984902812615] [122, 0.25370357186959325] [132, 0.8739796367967783]
2.00769546641 0.142920706834 4 [63, -1.732195928142303] [113, 1.7533279648203095] [122, 0.27020636317288727] [132, 0.9182447819304276]
2.04329456103 -1.12881032411 4 [63, -1.807432948660849] [113, -4.3583669172232895] [122, 0.2888505789609672] [132, 0.9656747189911865]
2.00794383414 0.285386674927 4 [63, -1.879987189136974] [113, -4.205814585467376] [122, 0.3100871459399803] [132, 1.0163993501964192]
2.01849531319 -0.148432405947 4 [63, -1.9493308502875286] [113, -4.075186912977827] [122, 0.3347027922537631] [132, 1.0705837531831737]
2.01317707025 0.351596644173 4 [63, -2.0149901661652145] [113, -3.9654337056183024] [122, 0.36328815290533] [132, 1.1281523209778834]
1.99913528651 0.756756919057 4 [63, -2.0768413061235846] [113, -3.87428609173446] [122, 0.39721075531387484] [132, 1.189133599488219]
1.97020395818 -0.598952969744 4 [63, -2.1346677487286785] [113, -3.798306796929359] [122, 0.4375574744365611] [132, 1.2532271871451854]
1.95184590562 0.589438801373 4 [63, -2.1884813539136196] [113, -3.734640129833893] [122, 0.4862212437555655] [132, 1.3201342370109828]
2.02350461992 0.231743152045 4 [63, -2.2385415359712337] [113, -3.6812128768830172] [122, 0.5462635414138441] [132, 1.3894849643206255]
2.01943928752 0.584720335496 4 [63, -2.284872102822585] [113, -3.635729042754039] [122, 0.620940439351668] [132, 1.460645306492153]
1.97617096941 0.886717331495 4 [63, -2.3278417580863944] [113, -3.596960464166481] [122, 0.7157384545705403] [132, 1.5329806939448218]
2.01904527372 0.921805636784 4 [63, -2.3675236549211647] [113, -3.5633784308065444] [122, 0.8366807769506472] [132, 1.6057217897674816]
1.94564684962 -0.295996236654 4 [63, -2.4043184360018426] [113, -3.534319281565383] [122, 0.9915900050543245] [132, 1.6780959992975095]
1.89582227533 -0.278425119566 4 [63, -2.4382998287697264] [113, -3.5087444163864068] [122, 1.1851715293772154] [132, 1.7493738880468532]
2.04159260134 0.854062088259 3 [113, -3.485992887870581] [122, 1.4142178508661498] [132, 1.818925236697508]
1.96133672705 -0.397624565532 3 [113, -3.4659249793466564] [122, 1.6611666742991584] [132, -4.397093271155605]
1.99563116338 1.64896821526 3 [113, -3.447904414767755] [122, -4.385207958206474] [132, -4.332691854259264]
1.949629915 0.0415055098971 3 [113, -3.431850548421947] [122, -4.18078123017842] [132, -4.271487620336461]
2.0790848747 0.595119768641 3 [113, -3.4172758726572376] [122, -4.015422414090449] [132, -4.213572440360436]
1.957617727 -0.237869821625 2 [122, -3.8854199166952412] [132, -4.15902537574574]
2.03085148165 0.748622067953 2 [122, -3.7841491891611163] [132, -4.107990845241957]
1.97532913987 -0.0489532041909 2 [122, -3.7041951103403554] [132, -4.060252472073137]
1.9950307988 0.10297528462 2 [122, -3.640631820422195] [132, -4.015845056947718]
2.03542810549 -0.910841601219 2 [122, -3.5889315044543753] [132, -3.974449360741523]
1.97122265007 -0.0110333271089 2 [122, -3.5462176786062622] [132, -3.935882303320105]
2.05086351696 0.55779126022 2 [122, -3.510683470720414] [132, -3.9000703473608787]
1.93330676312 -0.290537858901 1 [122, -3.4805081831698876]
1.99606044594 -0.0466499480574 1 [122, -3.454926110005788]
2.01392317598 -1.34181770911 1 [122, -3.432709854136762]
1.92455035914 -0.201363593306 1 [122, -3.4132284421897574]
2.00625903351 -0.206396275265 1 [122, -3.3962967136399502]
1.96899160747 -0.591856281525 1 [122, -3.381203387588064]
2.05711722946 0.142966536118 2 [101, 0.5876505643815353] [122, -3.3679278884543153]
1.97819555558 -0.610959570994 2 [101, 0.6166239984535729] [122, -3.355931845575537]
1.90757596055 -0.949145130874 2 [101, 0.6480987663751776] [122, -3.34502615543739]
2.04741688215 0.920241716325 1 [101, 0.6825907491980292]
2.04162476978 -0.533720910737 1 [101, 0.7201157672034082]
2.01716515166 0.0274478884871 1 [101, 0.7613257588031495]
1.99563253598 -0.323310705705 1 [101, 0.8063448242442455]
2.03395158127 0.734614096564 1 [101, 0.855541855066666]
2.02612256149 0.608361839496 1 [101, 0.9095249644005383]
1.99173463993 0.137640990145 1 [101, 0.968372529012405]
2.05421193118 -0.0466356736523 1 [101, 1.032568806961815]
2.08739579221 0.146658847668 1 [101, 1.101997632168941]
2.02077512162 0.465213764922 1 [101, 1.1766159457019407]
2.0209574408 0.17090190355 1 [101, 1.256310400014879]
2.00569442434 0.352451566464 1 [101, 1.3403033415555736]
1.99228419459 1.48445895094 1 [101, 1.4277888188165608]
1.95603100254 0.156884398433 2 [50, -1.3973296564922317] [101, 1.5175183182263225]
1.97297250388 0.654010787799 2 [50, -1.447408009112372] [101, 1.6081562694370035]
2.07347448849 0.609885990416 2 [50, -1.4980781905265186] [101, 1.6982158512545835]
1.93237837288 -0.116896524366 2 [50, -1.549123830835188] [101, 1.7863036169480049]
2.03374909021 0.0399762349274 2 [50, -1.6002731608266014] [101, 1.8710708201164667]
1.9486357623 0.122107066288 2 [50, -1.6512642900974641] [101, -4.33150587633673]
1.98412675877 0.133346604404 2 [50, -1.7018162400400998] [101, -4.2556704499927385]
1.94672165842 1.36977185883 2 [50, -1.7517228829586] [101, -4.185203143615229]
1.99211056102 1.51364997172 1 [101, -4.119970492312614]
1.93829563061 -0.68591840409 2 [2, -0.7194393365587906] [101, -4.06016411610838]
2.04185201287 0.671666224497 2 [2, -0.7540396895291739] [101, -4.005167267417456]
1.94491498123 0.520597221601 3 [2, -0.7914764333378042] [29, 1.3532886403240045] [101, -3.954750819453514]
2.04365410604 0.0555263546299 3 [2, -0.8316998275936855] [29, 1.4031530650694517] [101, -3.908881314329719]
2.03577744806 0.508094720281 3 [2, -0.8751997286799535] [29, 1.4538603016645464] [101, -3.866866881015963]
2.06827753381 -0.417588955145 3 [2, -0.9219085906280693] [29, 1.5052127064180425] [101, -3.8286710683475906]
1.92114313131 0.412882954989 3 [2, -0.9722833373556861] [29, 1.5569052814382873] [101, -3.7936140167506425]
2.00890738584 0.63310716249 3 [2, -1.0264532248515432] [29, 1.6086857576847269] [101, -3.761373927589702]
1.92180481617 -0.594747149216 3 [2, -1.0842282007784063] [29, 1.6602657085194181] [101, -3.7319852972584244]
1.98743975431 0.547250795781 2 [2, -1.1458470047584184] [29, 1.7113917029718504]
2.01233320415 -1.08158892439 2 [2, -1.2109475908721374] [29, 1.7617532774574114]
1.98364319358 0.262939088094 2 [2, -1.2795395284730997] [29, 1.8112071367042315]
1.93524306131 0.0012191361937 2 [2, -1.3510844648441678] [60, -0.49828970457879107]
1.92505889763 0.150849816558 2 [2, -1.424861151788226] [60, -0.5233743352991413]
1.99709124623 -1.1052122851 2 [2, -1.5002764279167016] [60, -0.5509900808600436]
2.00132922327 -0.160779500028 2 [2, -1.5764578051749418] [60, -0.581043538955345]
2.00050155186 -1.16525252543 2 [2, -1.6525693122542497] [60, -0.6142948065466016]
2.03917809961 0.80721564381 2 [2, -1.7276825525776025] [60, -0.6511617885658012]
2.01294446797 0.0571499054963 2 [2, -1.8010958943146727] [60, -0.6916327541709224]
2.11283429791 0.945105032346 2 [2, -1.8719998266932976] [60, -0.73667129428615]
2.09219656712 -0.0296902214546 2 [2, -1.9400414682442673] [60, -0.7863222856129624]
2.09632604417 -0.58721088601 2 [2, -2.004609422827739] [60, -0.8416538232535125]
2.06410997553 -0.669114300271 4 [2, -2.065312561423265] [60, -0.903388478127257] [129, 0.5215583221464186] [166, -0.39061709628076713]
2.01175416 -0.0082720007223 4 [2, -2.122443987636471] [60, -0.9713508602218703] [129, 0.5486054472809068] [166, -0.41139110844829885]
1.91116891463 -1.03682211563 5 [2, -2.1756782672346615] [60, -1.046416403874094] [129, 0.5780993435706723] [166, -0.43454558358686723] [178, 1.1931155890352905]
2.04398942044 0.580529239773 5 [2, -2.2254748397388933] [60, -1.1282472005518418] [129, 0.6108852028451395] [166, -0.45987000902925335] [178, 1.2413767939031777]
2.03566225011 -0.100894081574 5 [2, -2.2715987290122737] [60, -1.2171085174586374] [129, 0.6468429828236628] [166, -0.4883171896526348] [178, 1.2912159995403254]
1.94669964098 -0.473657652591 6 [2, -2.314219423408521] [60, -1.31225100534571] [129, 0.6863873146930866] [161, 0.543663191334371] [166, -0.520399978626731] [178, 1.3424835872143053]
2.00628410149 -0.0697137137261 6 [2, -2.3539783343075866] [60, -1.4121655365167296] [129, 0.7305873459177601] [161, 0.5713054510109714] [166, -0.5560255387956583] [178, 1.395107550445549]
1.97307836103 0.5849451944 6 [2, -2.3906601323191663] [60, -1.5154054290062287] [129, 0.7793883659201084] [161, 0.6013440947260467] [166, -0.5965429987524087] [178, 1.448699752239917]
2.00579834827 0.655566992969 6 [2, -2.4249361222190924] [60, -1.6197939046534344] [129, 0.8339705225067489] [161, 0.6346460617548724] [166, -0.6420047667460733] [178, 1.5030558381137782]
1.97977897565 -0.143102462466 5 [60, -1.7231403606215818] [129, 0.8942669079589383] [161, 0.6710147514338978] [166, -0.6941120746619389] [178, 1.5577895965792958]
2.01751359727 0.475509313589 5 [60, -1.8231839355700559] [129, 0.9607938997875936] [161, 0.7108227361695292] [166, -0.7539785687940057] [178, 1.6126153450810543]
1.94884624901 -0.550212923324 5 [60, -1.918365448981167] [129, 1.0344026252913006] [161, 0.7549330929438733] [166, -0.8222005677944058] [178, 1.667202690228149]
2.03882058259 -0.882899083605 5 [60, -2.0071973101284275] [129, 1.114873501686847] [161, 0.8033708627331491] [166, -0.9006012138862656] [178, 1.7212677907087892]
1.98583701894 -0.578849052562 5 [60, -2.0895270642263966] [129, 1.2026433244188297] [161, 0.8572855699528716] [166, -0.9894058902435408] [178, 1.7744066490790669]
1.95613522866 0.955676229128 6 [25, 0.006640999564013761] [60, -2.1645783541521797] [129, 1.2965840626273328] [161, 0.9164708365140566] [166, -1.0902557535505584] [178, 1.8264625475696352]
2.03076562689 0.276603421031 6 [25, 0.006538682040997834] [60, -2.232413714870644] [129, 1.3957106939199528] [161, 0.9813441415646329] [166, -1.203056664055039] [178, -4.405942803310459]
2.07810903088 -0.558381929481 6 [25, 0.006962655882762903] [60, -2.2941555433561147] [129, 1.4986865004621306] [161, 1.0528951864041245] [166, -1.3259539537572227] [178, -4.356862507687853]
2.05563300612 -0.425646550904 6 [25, 0.007085578308846152] [60, -2.3495414170035236] [129, 1.6032125611692454] [161, 1.1305520297535798] [166, -1.4569620319355323] [178, -4.309397479030012]
2.0579052417 1.0702909071 6 [25, 0.007883104030799615] [60, -2.399948423922836] [80, -0.5102459931352077] [129, 1.7070019507512466] [161, 1.2147359224852243] [166, -1.591838079011762]
1.96767644542 -0.175682647108 6 [25, 0.008372261421496496] [60, -2.445100060056477] [80, -0.5359556505819683] [129, 1.8079688522244464] [161, 1.304285112637924] [166, -1.7260180502734102]
1.94728103655 0.193694230961 6 [25, 0.008446854023355321] [60, -2.4855186158954385] [80, -0.5643970340577904] [129, -4.378708899250955] [161, 1.3983299447601052] [166, -1.8545506677720298]
2.0143956886 -0.168411784095 6 [25, 0.009444198280284866] [60, -2.522596794543412] [80, -0.595061315103778] [129, -4.288540568400572] [161, 1.4957790927751962] [166, -1.974483674895521]
1.95329474928 0.890315230858 6 [25, 0.009499893467199705] [60, -2.5555984432516285] [80, -0.6294245708387121] [129, -4.204645550071255] [161, 1.5946239685096995] [166, -2.082687192911346]
2.06336000428 0.755694127983 6 [25, 0.010718079786071755] [60, -2.5861182475377342] [80, -0.6667036004241007] [129, -4.128334543994398] [161, 1.6930382245644164] [166, -2.1797365919862655]
2.0017168517 -0.163145227773 6 [25, 0.01141225681971747] [60, -2.6135914261871105] [80, -0.7082805984701648] [129, -4.058677837664184] [161, 1.7892317242111906] [166, -2.2648236647489903]
1.97444247451 -0.446298492655 6 [25, 0.011306561985348296] [60, -2.6383239988103213] [80, -0.7546906080549269] [129, -3.995262859942062] [161, -4.401386879512347] [166, -2.338749250002868]
1.96583842865 0.290137242977 5 [25, 0.013014389052282027] [80, -0.8053564104120978] [129, -3.9387184607390098] [161, -4.314270979125713] [166, -2.4041588656080424]
1.97499954097 0.470836468684 5 [25, 0.013908243063541548] [80, -0.8619276919172747] [129, -3.887360086611722] [161, -4.232762938900179] [166, -2.460794962844517]
2.01389321339 -0.33943536128 5 [25, 0.01798992573478575] [80, -0.9237241042180657] [129, -3.8418519938123685] [161, -4.158180420918244] [166, -2.5113666829167007]
2.01389320003 0.537649728717 6 [25, 0.02185176644712783] [80, -0.9924200554769125] [119, 0.6883482423758966] [129, -3.800376914206399] [161, -4.089561891353922] [166, -2.555305765190175]
1.96520492605 -0.610320079955 6 [25, 0.024941115270259218] [80, -1.0682896892750957] [119, 0.721709716497009] [129, -3.7623953679311417] [161, -4.026579714834944] [166, -2.5934811903160764]
1.95417906168 -0.147333465487 6 [25, 0.038435273137701564] [80, -1.1501648879618376] [119, 0.7585960645449088] [129, -3.7288408538715214] [161, -3.9702294039164934] [166, -2.628342627878028]
2.04364898395 0.716225689722 6 [25, 0.06407189531932733] [80, -1.2389624880481942] [119, 0.7981052269323587] [129, -3.697872403450918] [161, -3.91866023723549] [166, -2.658799952935142]
1.95094405512 0.150554086482 6 [25, 0.28480700582952156] [80, -1.3331960169042865] [119, 0.8413492782597638] [129, -3.6701415250531215] [161, -3.872435947931744] [166, -2.6865889176833653]
1.98882518872 0.12305740017 6 [25, -3.257781888273155] [80, -1.4322012759786467] [119, 0.8876801936931953] [129, -3.644287441680696] [161, -3.8299628845623914] [166, -2.710936994679614]
2.0606328116 -0.482469358292 5 [25, -3.1765047162862237] [80, -1.5338874137893934] [119, 0.9372712220868733] [161, -3.7907130904330737] [166, -2.7321842499130287]
2.06536820829 0.256346946232 6 [25, -3.164369567454637] [76, 0.9457740564224686] [80, -1.6360656415293424] [119, 0.9918655682008479] [161, -3.756122326818092] [166, -2.7525752715040115]
1.94982325974 0.664959973274 5 [25, -3.1543094393946336] [76, 0.987362504350279] [80, -1.736659258818023] [119, 1.0500448926877546] [161, -3.723875712839283]
1.94794798311 0.37006480475 5 [25, -3.154981140168989] [76, 1.0322738218464984] [80, -1.8344813632779942] [119, 1.1134991849987426] [161, -3.695774787364986]
1.93755430493 0.24438433326 5 [25, -3.1521055096262955] [76, 1.0791533637828135] [80, -1.9270820585143795] [119, 1.1804681907567645] [161, -3.669271142312305]
2.00768833059 0.745452609355 4 [25, -3.146418197020955] [76, 1.1279180814607859] [80, -2.0126730302263485] [119, 1.250751003182061]
2.05063394089 0.492682837639 4 [25, -3.147853460601488] [76, 1.18019070398271] [80, -2.093372188436342] [119, 1.3256478330485937]
1.98446299758 -0.840065969792 4 [25, -3.145475164437171] [76, 1.2341180219231997] [80, -2.166012491090723] [119, 1.4028509925039234]
1.96612442745 -0.478597164068 5 [25, -3.150528363717495] [76, 1.2912959800511805] [80, -2.235224894107729] [119, 1.4826860463587108] [123, 1.3327817378255533]
2.03430879888 0.368114267072 5 [25, -3.1471146618120747] [76, 1.3490146407747021] [80, -2.2942793543513873] [119, 1.5630031931953257] [123, 1.3819571776482453]
2.06261076578 -0.362596667368 5 [25, -3.1373818100074216] [76, 1.4073414187235818] [80, -2.34309215783197] [119, 1.643811048900365] [123, 1.4313615522382435]
1.91783607465 0.488262397255 5 [25, -3.1389644891213506] [76, 1.468775617989535] [80, -2.3932503952990642] [119, 1.724006767510148] [123, 1.4829009370248452]
0.0830932936013 -0.285238188411 5 [25, -3.1389644891213506] [76, 1.468775617989535] [80, -2.3932503952990642] [119, 1.724006767510148] [123, 1.4829009370248452]
0.0457548595467 57.2803743108 5 [25, -2.138964489122787] [76, 2.468775617988099] [80, -1.3932503953005004] [119, 2.724006767508712] [123, 2.482900937023409]
-0.000883661358835 57.0445937929 5 [25, -1.1389644891242239] [76, 3.468775617986662] [80, -0.3932503953019375] [119, 3.7240067675072748] [123, 3.482900937021972]
-0.0838147682055 54.3939344876 5 [25, -0.19199539971491641] [76, 4.4157447073959695] [80, 0.55371869410737] [119, 4.6709758569165825] [123, 4.42987002643128]
2.10123507193 0.459562640924 5 [25, -0.20829417263019256] [76, 4.3575091974150615] [80, 0.592208211777993] [119, 4.591054806102474] [123, 4.3807663641116275]
2.06847884134 0.255814735931 5 [25, -0.22772844135778403] [76, 4.301723617675567] [80, 0.6355546323256773] [119, 4.512686880502292] [123, 4.3333013047237205]
2.00527493389 -1.09228315144 4 [25, -0.2509805884397456] [76, 4.248516663509943] [80, 0.6847324622896693] [119, 4.436732899799106]
1.97575156527 -0.504206694942 4 [25, -0.27928582698334314] [76, 4.1979876198573916] [80, 0.7406968843437609] [119, 4.363900622294916]
2.05063533226 -0.133627584394 4 [25, -0.31445596930184316] [76, 4.150172105933228] [80, 0.8045078364431093] [119, 4.294711394037136]
2.05749465406 0.200427491998 4 [25, -0.3596176434550138] [76, 4.105137528743461] [80, 0.8770994662217728] [119, 4.229590933045918]
2.0481772087 0.463955247498 4 [25, -0.4188286713597875] [76, 4.062746028100244] [80, 0.9597229637363942] [119, 4.168625322564363]
2.02073341337 0.226284636677 4 [25, -0.4992267688716241] [76, 4.022906113600721] [80, 1.0532061742276146] [119, 4.111830945795828]
1.97375268757 0.00185975770786 4 [25, -0.6128782808033728] [80, 1.1578424084602001] [119, 4.059115710875518] [161, -0.8443615933081982]
2.02136973372 -1.85475988845 5 [25, -0.7801279887958661] [80, 1.2730271287359598] [119, 4.01031061932724] [161, -0.8843462314043555] [166, 0.10151283422778867]
2.04783240969 0.695589442199 5 [25, -1.0314930973850411] [80, 1.3968686711226634] [119, 3.9653116781713376] [161, -0.9272084788415609] [166, 0.10698599512438722]
2.1376179785 0.576741869532 5 [25, -1.3858830158480921] [80, 1.5263814359228867] [119, 3.923759482337436] [161, -0.9729818848163965] [166, 0.11312920336005128]
2.06137449918 -0.115888214161 5 [25, 4.492004060135212] [80, 1.6574290751802343] [119, 3.8853947358629206] [161, -1.021767742653465] [166, 0.12006574822254512]
1.97643621024 1.74367987542 6 [25, 4.14658544682301] [80, 1.7855780523559706] [119, 3.849959483082589] [129, -0.8562062819609332] [161, -1.0736246620843517] [166, 0.12795083217808334]
2.0473171615 -1.14204438516 6 [25, 3.904920578770459] [80, 1.9070658691237423] [119, 3.8173195924103585] [129, -0.895859288237198] [161, -1.1286318700297775] [166, 0.1367786910562867]
2.00883523062 -0.805294479411 5 [25, 3.7437785612163035] [80, 2.019112431946401] [129, -0.9381644707363208] [161, -1.1866244317229264] [166, 0.1469787325912424]
2.04680664442 -0.223916333797 5 [25, 3.633874899869223] [80, 2.120295923349029] [129, -0.9832356313764925] [161, -1.2474393158652095] [166, 0.1588823172649967]
1.93623725131 -0.687968749141 5 [25, 3.555806309680552] [80, 2.2103314812298196] [129, -1.0311577613802188] [161, -1.3108153530318445] [166, 0.17293536976312307]
1.95600346668 -0.445197513396 5 [25, 3.4980958728016214] [80, 2.289716195850761] [129, -1.081975443608298] [161, -1.376388377171926] [166, 0.18975184392001032]
1.95344203532 -0.107513861562 6 [25, 3.4542984593203325] [60, 0.10686452795857848] [80, 2.359578397655932] [129, -1.1357571383598488] [161, -1.443720817234733] [166, 0.20988209999417262]
2.04683732349 -0.541925830927 6 [25, 3.419810609137362] [60, 0.1124896753222655] [80, 2.4208215246920073] [129, -1.1923354185311046] [161, 4.7709761883868484] [166, 0.23483622188400632]
1.9649243981 -1.23560757892 6 [25, 3.391989345363892] [60, 0.11878264742293121] [80, 2.47455116069918] [129, -1.2515524884621527] [161, 4.701945669296135] [166, 0.2665013897692061]
2.06118147999 1.36736065692 6 [25, 3.369087180762171] [60, 0.12586210932984776] [80, 2.5217984538682447] [129, -1.3131629328491718] [161, 4.633016322538385] [166, 0.30785710604837924]
2.01404063477 0.0439347685868 6 [25, 3.3499090293167963] [60, 0.13387628821415287] [80, 2.5634816955599087] [129, -1.3768299889382405] [161, 4.564825752198596] [166, 0.36385075216039664]
1.95853312529 0.820388860884 6 [25, 3.333877700438232] [60, 0.14278169552772457] [80, 2.6005969335451713] [129, -1.4421582700680249] [161, 4.498020600295434] [166, 0.44249450315141625]
1.96804388488 0.770418397433 6 [25, 3.3200847912686573] [60, 0.15301593736314856] [80, 2.6336101548473607] [129, 4.774597796233118] [161, 4.433105967124737] [166, 0.5604938576875489]
2.06796127258 -0.611396804737 6 [25, 3.308086566035721] [60, 0.16488530677470292] [80, 2.663096418126795] [129, 4.707626392190825] [161, 4.370514231669156] [166, 0.749261314785939]
2.00117088302 -0.423595910135 6 [25, 3.2975482734832644] [60, 0.1787966577394835] [80, 2.689540963836298] [129, 4.640699598803027] [161, 4.310576008797906] [166, 1.0631791644733968]
2.02644119897 0.745892289694 6 [25, 3.288400756375464] [60, 0.19501378261312863] [80, 2.713510448708992] [129, 4.57443086876025] [161, 4.253606867415219] [166, 1.533257217883093]
1.93766195868 0.112744030473 6 [25, 3.2802361060132252] [60, 0.21453408933923135] [80, 2.735180943187964] [129, 4.509368883583312] [161, 4.1996664522349905] [166, 2.020119881475887]
2.00919867246 -0.694955628401 5 [25, 3.2728986680718872] [60, 0.23843422305122575] [129, 4.446003763820018] [161, 4.148800841091462] [166, 2.3574577960495766]
1.9921005089 -0.845598887054 5 [25, 3.2662637585872574] [60, 0.2683015599991885] [129, 4.384746999366386] [161, 4.100988306786242] [166, 2.5605285966597897]
1.995063388 -1.20074445781 4 [60, 0.30656521529708614] [129, 4.325921093914411] [161, 4.056154635721748] [166, 2.686283935482199]
2.01338356498 -0.732616620228 4 [60, 0.3565934331708913] [129, 4.269842603824086] [161, 4.014299042989143] [166, 2.7698743921992346]
2.03109803868 0.635187930897 5 [2, 0.13979849149330126] [60, 0.4252540232944013] [129, 4.216585521242324] [161, 3.9751746838315167] [166, 2.8284009592509882]
2.01589798851 -0.210754144168 4 [2, 0.1471631353281735] [60, 0.5240003317550013] [129, 4.166213854777348] [166, 2.8713524998766085]
2.10814833135 0.100350873956 4 [2, 0.15538519690819097] [60, 0.6739117604522307] [129, 4.118727200861525] [166, 2.90407041067633]
1.98980831113 0.559365670509 4 [2, 0.16441740916894831] [60, 0.9115823228032036] [129, 4.074182172816415] [166, 2.9301048154577174]
1.99921863183 0.8605662695 4 [2, 0.17461843714203806] [60, 1.2827111791930352] [129, 4.032385791579259] [166, 2.951035246290216]
1.97949560556 0.302046959474 4 [2, 0.1862184501502897] [60, 1.7517137055517018] [129, 3.9932183163539188] [166, 2.968195423328744]
2.07123669292 -0.290042160867 3 [2, 0.1995111646125507] [60, 2.155819182468411] [166, 2.9824954647435398]
1.92151845955 -0.319825017558 3 [2, 0.2148769737038736] [60, 2.422174157487949] [166, 2.994576328132985]
1.99657986252 -0.907447122897 3 [2, 0.2325327062170055] [60, 2.5892442266971223] [166, 3.0051477235051003]
2.05144230798 -0.0439831362883 3 [2, 0.25338509471403414] [60, 2.6978510629089554] [166, 3.0142769596205525]
1.97481700735 0.248788413423 3 [2, 0.2783419570771568] [60, 2.7724151478458197] [166, 3.0222290883929697]
1.94659780028 -0.280082078613 3 [2, 0.30867680294587085] [60, 2.826169850327214] [166, 3.0292080959190786]
2.04093309825 -0.705167475848 3 [2, 0.3458069777813253] [60, 2.8669537208412574] [166, 3.035571559267626]
1.97791436085 0.386352632914 3 [2, 0.3927715023182752] [60, 2.898565906258197] [166, 3.0412286564432343]
2.00077654459 -0.763276057583 2 [2, 0.45369479552851333] [60, 2.923713935509368]
2.04702248844 0.0999109933956 2 [2, 0.5350669980711971] [60, 2.9441497963080625]
1.86206713794 -0.527834070827 2 [2, 0.647270546981414] [60, 2.9610517755025283]
2.05962350352 -0.830409626553 2 [2, 0.805835492522937] [60, 2.9755318053743185]
1.99471654171 0.737844094209 2 [2, 1.033185679259389] [60, 2.987843471052079]
1.97567918607 -0.117990573543 2 [2, 1.3428449374262155] [60, 2.998424046597589]
2.01877725265 0.142730188715 2 [2, 1.7023691664627363] [60, 3.007601174220717]
2.02758004551 -0.479616400569 2 [2, 2.0321460360740735] [60, 3.0158559081423153]
1.87423229957 -0.358349726218 3 [2, 2.2824381322412073] [50, 0.26353504690582086] [60, 3.023127360897224]
2.09719119144 -0.329238538373 3 [2, 2.4580793206507083] [50, 0.2773980189884542] [60, 3.0295722290884015]
2.02469289679 -0.44446891426 3 [2, 2.5809952327993715] [50, 0.29280986287641686] [60, 3.0353155843314745]
1.91538467279 1.29948694807 2 [2, 2.6692910543113335] [50, 0.3100280233228867]
1.9476991071 -0.00412946546547 2 [2, 2.735319002274834] [50, 0.32912883266562853]
2.00824662519 -0.308076074105 2 [2, 2.785824693573413] [50, 0.35071145473218057]
2.06033817476 0.332313982384 2 [2, 2.82548293651449] [50, 0.37525562630592235]
1.9563123335 -1.44442762581 2 [2, 2.8573266247785982] [50, 0.4033640355891521]
1.99140853399 -0.264248234482 2 [2, 2.8837565470480158] [50, 0.43549138432813317]
2.0084396834 -0.0313357935655 2 [2, 2.9057412776776523] [50, 0.4728814126061629]
2.03474930512 0.651343545824 2 [2, 2.9242800421164334] [50, 0.516782684126315]
1.96807328856 -0.183861765925 2 [2, 2.940097645058245] [50, 0.5688057760834193]
2.01825362802 -0.121928422907 2 [2, 2.953731263038663] [50, 0.6310209156301656]
2.04241768558 -0.175495861784 2 [2, 2.965858862578173] [50, 0.7056322018578982]
1.97952697928 0.299883110504 2 [2, 2.9764910137152194] [50, 0.7962346461522996]
1.96664344961 -0.97448593108 2 [2, 2.9858757352538827] [50, 0.906452740178169]
2.03669409581 0.635239620939 2 [2, 2.994209308509479] [50, 1.0396488988483423]
1.99260068417 -0.131396102941 2 [2, 3.0016489910135444] [50, 1.19739327968972]
2.02119142309 -0.823986155245 1 [50, 1.3769150885454418]
1.97047112971 -0.517731193706 1 [50, 1.5700455756753844]
1.94644837282 0.835412144451 1 [50, 1.7632755765968933]
2.00988870572 -0.0703061018112 1 [50, 1.943053634356002]
1.96290096979 -0.996945640255 1 [50, 2.1011375445799825]
1.97611060959 -0.295262477674 1 [50, 2.2346737789176565]
1.99781668836 7.58600814733e-05 1 [50, 2.3451867978104497]
1.96883704819 -0.618688235862 1 [50, 2.436023188018737]
1.9810455028 -0.206991709728 1 [50, 2.510807819600963]
2.06726973855 -0.52428898267 1 [50, 2.573199128647744]
1.93940566489 0.0203550553476 1 [50, 2.6253532254474576]
1.99027120281 0.561048693341 1 [50, 2.669346159785098]
2.045995716 -0.454388778729 1 [50, 2.7067936553467202]
1.96308824856 -0.0280226096376 2 [50, 2.7393096272152127] [61, 0.9784983780584902]
2.00286458496 0.132300765328 2 [50, 2.7674704987285033] [61, 1.0221178249293799]
1.93190110432 -0.324041004443 3 [50, 2.7920424698052386] [61, 1.0682329013987817] [78, 0.32330759922374375]
1.94612765863 0.181094441508 3 [50, 2.813630325367674] [61, 1.1168407901349091] [78, 0.3403723671411616]
1.96087179917 0.250301210043 3 [50, 2.8327154524601124] [61, 1.167890037868766] [78, 0.3593164651609797]
2.01946028899 -0.155234923931 3 [50, 2.849975626042566] [61, 1.2211648644870856] [78, 0.3801418730273345]
1.9783988001 0.772989865081 3 [50, 2.8654081930761093] [61, 1.276628062922857] [78, 0.40347846131986476]
2.01554452453 0.0114242876229 3 [50, 2.8792716798111764] [61, 1.3340437110655052] [78, 0.4297639792282564]
2.04881995915 -0.635619025478 3 [21, 0.5723436296294528] [61, 1.3931067790936702] [78, 0.4595334945726821]
2.03768539391 0.660751611194 3 [21, 0.6008314090542435] [61, 1.4534073279533175] [78, 0.49306546405906326]
1.98960709878 0.43123405537 3 [21, 0.6319755924759314] [61, 1.5146048459960648] [78, 0.53150524247299]
2.01113417768 -0.0071358761761 3 [21, 0.6660848165236553] [61, 1.5762399627510824] [78, 0.5758455714691848]
2.01705021679 0.473696456393 4 [21, 0.7034990145780913] [61, 1.6378329727806877] [78, 0.6273041565501931] [139, 0.4159658123217518]
2.04184302988 0.204792694467 4 [21, 0.7445870481041028] [61, 1.6989056442013444] [78, 0.6873559917870435] [139, 0.4382855756731976]
1.95326250209 1.45065973132 4 [21, 0.7894608883816099] [61, 1.7590708710436707] [78, 0.7572619267757104] [139, 0.4627014448872355]
2.05631298011 -0.68521941645 4 [21, 0.8388029340489103] [61, 1.8178885475112672] [78, 0.8394552485821583] [139, 0.4898566673992861]
1.96470023624 -0.455683411278 4 [21, 0.8930165046385954] [61, 1.8749980227419252] [78, 0.9359735578467341] [139, 0.5201768809272287]
1.99905735427 -0.107475936249 4 [21, 0.9524687433023671] [61, 1.9301037061798614] [78, 1.0485147733807454] [139, 0.5541654161658951]
1.96910792273 0.498647838564 4 [21, 1.0171843410797028] [61, 1.9831215254038697] [78, 1.177370891666764] [139, 0.5920382378310454]
1.9942387817 0.522012651894 4 [21, 1.087591114112761] [61, 2.0337953025584614] [78, 1.321746131312166] [139, 0.6347977278622488]
2.04137466427 0.0682558473805 4 [21, 1.1636917144511154] [61, 2.0820097772906] [78, 1.4776324269283359] [139, 0.6832953730386875]
2.08192805306 0.455188960463 4 [21, 1.2451869905367736] [61, 2.1277192903780175] [78, 1.6382081542183677] [139, 0.7384585793532314]
2.03712618448 0.209450569247 4 [21, 1.3314459275784654] [61, 2.170925451295326] [78, 1.7953463570689154] [139, 0.8013130243081446]
1.87570911958 0.298149647147 3 [21, 1.4213867976846266] [78, 1.9422440600018593] [139, 0.8725059871317578]
1.95071804089 -0.596406052698 4 [21, 1.5138941061788158] [63, -0.661607880683148] [78, 2.074187003641641] [139, 0.953511029558282]
1.92302733493 -0.0820899801881 4 [21, 1.6074156892088387] [63, -0.6948763240933986] [78, 2.1894204888329183] [139, 1.0451503854478517]
2.00737179673 -0.380301684261 4 [21, 1.7002943626239386] [63, -0.7309606910835565] [78, 2.288361009980483] [139, 1.147745286397243]
1.99138889636 -0.091489312789 4 [21, 1.7910777431567053] [63, -0.7704389750437262] [78, 2.373180711384049] [139, 1.2605023177711894]
1.98618657717 0.101105384061 5 [21, 1.8783545244250892] [63, -0.8133126403706782] [78, 2.4453343901770026] [121, -0.18110683239137937] [139, 1.3821896455238616]
1.92180199633 -0.481846504943 5 [21, 1.9610499617176032] [63, -0.8598766496079043] [78, 2.5068123553052573] [121, -0.19111025340944243] [139, 1.5098863772879423]
1.91771126545 0.122755607592 5 [21, 2.0384466508603456] [63, -0.9104180096176804] [78, 2.5594046076064005] [121, -0.20216497120040589] [139, 1.6396250213409915]
2.11285517702 0.912304790526 5 [21, 2.110169236414877] [63, -0.9651970927377276] [78, 2.6046344809517192] [121, -0.21445682436798785] [139, 1.7670470316004778]
1.98109040836 -0.167381626793 5 [21, 2.1764632602427207] [63, -1.0247067896649957] [78, 2.6442755780257974] [121, -0.22870466191195926] [139, 1.888522437004038]
1.95012898878 -0.300498109589 5 [21, 2.237156989462882] [63, -1.0887483343266595] [78, 2.6788012485458097] [121, -0.2447865592362497] [139, 2.0010777549169836]
2.04768978211 0.252068358391 5 [21, 2.292510892383297] [63, -1.1573019336220993] [78, 2.7090467784942573] [121, -0.26309362079946563] [139, 2.1030904831406065]
2.01056285257 -0.724119839223 5 [21, 2.3428768915397313] [63, -1.2301814110949865] [78, 2.7356907520287503] [121, -0.28413452361881086] [139, 2.194093793910115]
2.00481194959 0.0252875461467 5 [21, 2.3890302613006806] [63, -1.3071709681935948] [78, 2.7597374539231723] [121, -0.3092611109275101] [139, 2.2749685950884384]
1.95413689557 -0.402958820054 5 [21, 2.4310018820400847] [63, -1.3873955748468152] [78, 2.781152636676702] [121, -0.33882093061499563] [139, 2.3460648326329565]
2.00620650303 -0.881483433829 5 [21, 2.4691851779387584] [63, 4.813171991803984] [78, 2.8003101560537953] [121, -0.37408309018492747] [139, 2.4084110001544268]
2.07585514062 -0.329960662117 5 [21, 2.5039533701485785] [63, 4.729177887607558] [78, 2.817519081346565] [121, -0.4168198029448187] [139, 2.4630840540396903]
1.98588374492 -0.178842082254 4 [21, 2.5356520609182693] [63, 4.644931036086117] [121, -0.4695559453400173] [139, 2.511107888348528]
1.97195090571 -0.681007450708 4 [21, 2.564974024378694] [63, 4.5616842705250145] [121, -0.5370741883266429] [139, 2.553935009285637]
2.02811893198 0.239595097595 3 [63, 4.480509815944947] [121, -0.6238221042290584] [139, 2.5918158467508157]
2.03555332209 0.377670453148 3 [63, 4.402310475412065] [121, -0.737522676282678] [139, 2.625440289714734]
1.98386247873 -1.25300338291 3 [63, 4.32778265623797] [121, -0.8885397747082264] [139, 2.655396265728001]
2.08357862562 -1.1075072346 3 [63, 4.257400389636926] [121, -1.0879482578762123] [139, 2.6821818355765297]
2.09911753867 -0.202799836597 3 [63, 4.191778516902968] [121, -1.3400202744160286] [139, 2.7066996717791314]
1.97991428533 -0.952712230714 3 [63, 4.130698576668442] [121, 4.65873237008228] [139, 2.728796178853676]
1.92133435665 -0.185869590934 2 [63, 4.074081569678285] [121, 4.38257648978879]
2.04785810906 -0.427596791493 2 [63, 4.021748561406651] [121, 4.14917979161788]
2.04316765402 0.0629544405241 2 [63, 3.973897064907738] [121, 3.9692504247364875]
2.03100717468 1.01919109224 3 [63, 3.9298186467271394] [121, 3.833790411627522] [194, 0.9170842479644541]
2.04989846661 1.27721597896 3 [63, 3.8892098946107296] [121, 3.7314130287911143] [194, 0.9592205352872611]
2.00419893667 0.29070095087 3 [63, 3.8517701643335753] [121, 3.6526866461358773] [194, 1.0040783529656492]
2.10831768836 -0.419467698781 3 [63, 3.817210943916904] [121, 3.590843037515473] [194, 1.0517105184706257]
1.96454416819 -0.360065622714 3 [63, 3.785736691661337] [121, 3.5424355753449044] [194, 1.1018162213001002]
2.05683277095 0.0545295005261 2 [121, 3.502872275489815] [194, 1.1546937565155126]
2.02764573771 0.0134623469399 2 [121, 3.4699516576058267] [194, 1.210233309400598]
1.99366730508 0.294619007659 2 [121, 3.4421180450490123] [194, 1.26824413955702]
1.97108220478 -0.276531595885 2 [121, 3.4192357342789945] [194, 1.328251456389782]
1.98263474863 0.41392702721 2 [121, 3.3993865473485494] [194, 1.3901777478580961]
2.015434088 0.225028570048 2 [121, 3.3819702443091] [194, 1.4535874178280481]
1.93570433902 -0.766353503059 2 [121, 3.366529604016918] [194, 1.5179725429696636]
1.98112036959 -0.0754335654801 2 [121, 3.3527105649895317] [194, 1.582773600998668]
2.00340963618 1.15593639526 2 [121, 3.3410707604427543] [194, 1.647482192620353]
2.04241342468 0.255620307415 2 [121, 3.3304907113927573] [194, 1.7115719404164735]
2.01990861336 0.480962034292 2 [121, 3.3208011098288157] [194, 1.7744938036599802]
1.98478734073 0.192163924639 1 [194, 1.8357527350822782]
1.93675509909 0.817466162137 1 [194, 1.8952607346909318]
2.0303603231 0.325967167567 1 [194, 1.952459476627536]
1.94240265491 0.0743568296006 1 [194, 2.007084228122209]
2.04137063374 0.22722749869 1 [194, 2.0589539416515796]
2.02755961804 0.403182218362 1 [194, 2.10796407306829]
2.00558198762 -0.625653165494 1 [194, 2.154691638088541]
2.01630039547 -0.336143717005 1 [194, 2.198607496994704]
1.97386522737 -0.713159531538 2 [96, 0.9888658286670016] [194, 2.2397546969128523]
1.99791987965 -0.305370850685 1 [96, 1.032604551182825]
2.07653813503 0.187509068155 2 [96, 1.078232359697248] [99, -0.7640046827237716]
1.9194249473 0.769062085999 2 [96, 1.1264024031387365] [99, -0.8007050258904661]
2.05623154972 -0.862641200493 2 [96, 1.1770519064234242] [99, -0.8399684061415484]
2.04061154152 -0.259810886519 2 [96, 1.230050915967947] [99, -0.8819661707783694]
2.08715470585 0.526032162826 2 [96, 1.285192789471808] [99, -0.9268635262327498]
2.00979700399 0.69917294779 2 [96, 1.341756417445686] [99, -0.9759428310253894]
2.07566918668 0.308158061015 2 [96, 1.4000084839335611] [99, -1.028191775902505]
2.00955324397 -1.01058934105 2 [96, 1.4595412982137688] [99, -1.0836655678521256]
2.03805196403 0.65818799549 2 [96, 1.5198735044098786] [99, -1.1423634398237912]
2.08452481593 -0.300131810579 2 [96, 1.5804942694003363] [99, -1.2053242491377376]
2.01808668109 0.116529890448 2 [96, 1.6411654885408529] [99, -1.2710872196890415]
1.94424609592 0.552315241836 3 [1, 0.7328009797644579] [96, 1.7013247918708967] [99, -1.3393383536112533]
2.01338955068 0.861016115425 3 [1, 0.7681908554285493] [96, 1.7603948934740854] [99, -1.4096830257837274]
2.02242744265 -0.126538836826 3 [1, 0.8069403785806373] [96, 1.8177921059835118] [99, 4.801516865588207]
1.97434464232 -0.0814890692783 3 [1, 0.8464173600520788] [96, 1.8743914464949627] [99, 4.728190589995982]
1.98716752515 0.554029469108 3 [1, 0.8896658338184535] [96, 1.9289252025039916] [99, 4.654902864136026]
2.04507812283 0.592517326239 3 [1, 0.9371403039358703] [96, 1.980844691980342] [99, 4.5821178961938385]
1.98657938466 -1.2481010965 3 [1, 0.9893977186758127] [96, 2.029398570979442] [99, 4.510063561695612]
1.95392491892 0.972327601737 3 [1, 1.0393992542592347] [96, 2.079461456559266] [99, 4.4429791771099305]
2.0034034605 0.357230702247 3 [1, 1.0934434207115287] [96, 2.127506754624574] [99, 4.379308545158037]