427
0.0194916136512 -0.311259086434 2 [10, 4.3906384259880475] [190, 5.034139534781332]
-0.00949982094294 30.1683558573 2 [10, -1.3501153112029716] [190, -0.7066142024096873]
1.8195406914 -0.628060567638 2 [10, -1.4126119136421602] [190, -0.780880571239674]
2.01128591056 1.29585546987 2 [10, -1.4763718373550123] [190, -0.8681234591651652]
1.94874812874 -0.805802433882 2 [10, -1.5409228310174417] [190, -0.9706316235099273]
1.94687722695 0.720592361595 2 [10, -1.6057176264397617] [190, -1.0896798765328857]
1.98435453396 -1.13256779105 3 [10, -1.670228298879942] [92, -0.26873496386332896] [190, -1.225468716152541]
2.01756516828 1.06606533735 3 [10, -1.7339412147751165] [92, -0.2831785303042613] [190, -1.3758736970786059]
2.00593401298 -0.383963762982 3 [10, -1.7963351821227178] [92, -0.2993463365636737] [190, -1.53582652309629]
1.90818532104 -2.33915967062 3 [10, -1.8570154291585905] [92, -0.3173417191669827] [190, -1.69760449964817]
2.09708795038 -1.28254360048 3 [10, -1.915638796774076] [92, -0.33749099441336305] [190, -1.853136914783584]
1.91114072077 0.224385410882 3 [10, -1.9718617265362304] [92, -0.36041995089039336] [190, -1.9958559952552144]
1.99320749103 0.820505612117 3 [10, -2.025559741388232] [92, -0.38644678534973753] [190, -2.1224255122734292]
2.01612281723 0.447986059321 3 [10, -2.0766231019964665] [92, -0.4162202536012476] [190, -2.232145758068407]
1.96019809871 -0.413203360929 3 [10, -2.1250065013529533] [92, -0.45056898691565106] [190, -2.3260816824578288]
2.09799087138 -0.478597897973 4 [10, -2.1706103629529894] [92, -0.4908548888323754] [96, 0.32215882244331695] [190, -2.4058344818154542]
2.01866634164 -0.410965936851 4 [10, -2.213585739808361] [92, -0.5382084622041088] [96, 0.3393759375623633] [190, -2.473789982185778]
1.96920613156 0.256519562274 5 [10, -2.253825104916176] [92, -0.5949884319741683] [96, 0.3581797396871078] [163, -1.267841432183129] [190, -2.5314487642814765]
2.0798808561 1.55777733553 4 [92, -0.6633748579822489] [96, 0.3789596731286844] [163, -1.316827212166654] [190, -2.580738472262895]
2.08305002734 -0.90720213229 4 [92, -0.7459553259825382] [96, 0.40226766576690487] [163, -1.3670535088867704] [190, -2.6233735644232095]
2.0156982083 1.14703562039 4 [92, -0.8461828284106101] [96, 0.428549680485121] [163, -1.418315661779939] [190, -2.6605119572473455]
2.06738780635 -1.18683342638 4 [92, -0.9677020632411484] [96, 0.4583521208502299] [163, -1.470379723228544] [190, -2.693088340035432]
2.03421004831 -0.757195775434 4 [92, -1.1136353762020708] [96, 0.4920793542720743] [163, -1.5229976431644818] [190, -2.7216166021363235]
2.01347041889 1.30062850369 4 [92, -1.2834924888481334] [96, 0.5307971097559872] [163, -1.5758634496590158] [190, -2.746963438502474]
1.96979731247 0.0374018490202 4 [92, -1.4718988351653293] [96, -5.70765813128333] [163, -1.6286940047022647] [190, -2.769621189596377]
1.90535092798 -0.157136741782 4 [92, -1.6674276483547121] [96, -5.655980121062679] [163, -1.681183534527423] [190, -2.7897735203199705]
2.07194330334 1.65918653036 4 [92, -1.8557330320290686] [96, -5.595536498649912] [163, -1.7330632203050955] [190, -2.807982498547354]
2.00892678686 -0.221182824356 4 [92, -2.0254947227242748] [96, -5.524513241304753] [163, -1.784082097448287] [190, -2.8245184753118804]
1.99326217983 0.983342514327 3 [92, -2.171365612698638] [96, -5.440863518079156] [163, -1.834015388285203]
1.92770898912 0.842330511091 3 [92, -2.2928169890410994] [96, -5.342841029598948] [163, -1.8826007314293216]
1.95286837892 0.578829569807 2 [92, -2.3930131134430788] [96, -5.22833822988673]
1.97083370011 0.754634799976 3 [92, -2.475603812485552] [96, -5.096729231041424] [194, -0.8309640758177119]
2.15426936208 -0.615257424769 3 [92, -2.543616920822951] [96, -4.949718970512599] [194, -0.8704660938763702]
2.01711292844 -1.81127990305 3 [92, -2.6004168808281563] [96, -4.791420010386721] [194, -0.9127189100287749]
1.97408156246 -0.512040040389 3 [92, -2.6483216115878636] [96, -4.629085120801606] [194, -0.9578658931199309]
2.01678225477 1.87309948917 3 [92, -2.689134257726716] [96, -4.471125124680082] [194, -1.0060259497917432]
1.95451511007 0.686134388955 3 [92, -2.723880798585033] [96, -4.324422768317348] [194, -1.0574331324971507]
2.08088631017 0.451762899232 3 [92, -2.754040638432276] [96, -4.193446626050112] [194, -1.1119492687804637]
2.02362812261 -0.884180040906 3 [92, -2.780449999939053] [96, -4.079632408195837] [194, -1.1695311244012982]
2.07014640151 -0.21457685604 3 [92, -2.80343475764103] [96, -3.9818617798026876] [194, -1.2301719350162887]
2.13838737094 0.637131432776 3 [92, -2.823868764358285] [96, -3.8987761722189607] [194, -1.2934966135685526]
1.9770690236 -0.0357552181553 3 [92, -2.842162669148382] [96, -3.8282829264234195] [194, -1.3591728373510312]
2.09026485436 -0.188722704204 3 [92, -2.8586472611435445] [96, -3.7683433363622765] [194, -1.4267664260573092]
2.03679794023 0.273116615583 3 [92, -2.8732960041997893] [96, -3.7167183573968945] [194, -1.4957844801706042]
1.96394395559 1.83376490512 2 [96, -3.672353997977213] [194, -1.5655417282595545]
1.95860825542 -0.0628934276348 2 [96, -3.6340065225109845] [194, -1.6353974171946328]
2.16968707485 1.52498508163 2 [96, -3.6002584567716998] [194, -1.7046513534435839]
1.94544982972 -1.13600078759 2 [96, -3.5700725987432684] [194, -1.772542492912185]
2.05156453335 0.570489588448 2 [96, -3.5434794717420823] [194, -1.8385824504072108]
1.96417373202 -0.812063714909 2 [96, -3.5195623722131018] [194, -1.902180360082915]
1.92255969367 -0.348177531303 2 [96, -3.4982706487606134] [194, -1.9630952832244186]
1.98110876814 -0.17534972244 2 [96, -3.4792366314255925] [194, -2.0210998977540258]
1.88645457613 0.102787726732 2 [96, -3.462156503356439] [194, -2.0760652720413773]
1.97762612722 0.544713018947 1 [194, -2.127710833020898]
1.95105776204 -0.121877531438 1 [194, -2.176271523848269]
1.9336654664 1.87395740246 1 [194, -2.2218343660710205]
1.94946034974 0.150353760848 1 [194, -2.2645246861839783]
1.93074415534 -1.22566152204 1 [194, -2.304195595240723]
1.9539545484 -0.813101535724 1 [194, -2.34129568994019]
1.9726485436 1.06698217896 0
2.1141084209 1.27874122538 0
2.06979957805 -1.09955398413 1 [198, 0.28365064394816475]
1.98562183559 -0.262258675336 1 [198, 0.2986120568991826]
1.94471707519 -0.63998391078 1 [198, 0.31537399102851627]
1.99588131239 0.178617431741 1 [198, 0.33361950479610236]
2.06655924838 0.244310298822 1 [198, 0.35425457631612467]
2.07189914463 0.577767225656 1 [198, 0.37772816595463343]
1.98798992608 1.0093698733 1 [198, 0.4037587933449096]
2.00753099019 0.0826086169781 1 [198, 0.4337294620439174]
1.97985395669 1.10950941055 1 [198, 0.46848291502040595]
1.88735053921 -1.80768623099 1 [198, 0.5079293140511689]
1.96415981334 0.376045903865 2 [179, -5.078233124324644] [198, -5.728842019131515]
2.10854598488 -0.504194906231 2 [179, -5.029877576643376] [198, -5.673813584217759]
1.99144539608 -0.00330004175531 2 [179, -4.9798953034404825] [198, -5.608132917206767]
2.06611284228 0.359962950193 2 [179, -4.928725389271912] [198, -5.531126263459796]
2.12590327751 -2.44656024466 2 [179, -4.876341713061635] [198, -5.4384803883441295]
1.9552360849 -1.98533801336 2 [179, -4.823058351481063] [198, -5.327437532985568]
1.99544256996 -0.552551194351 3 [15, -0.01584395065198585] [179, -4.769454316326971] [198, -5.2011053431850405]
1.85597111407 1.14623529061 4 [12, 0.1282483513041468] [15, -0.0158263128105105] [179, -4.715278050973429] [198, -5.050344802309409]
2.04569521036 -1.19778124011 4 [12, 0.13400512962757993] [15, -0.01807888282992476] [179, -4.661077715175232] [198, -4.884101868940834]
1.99399406801 -1.38589331486 4 [12, 0.1409420055103876] [15, -0.020061259528702635] [179, -4.607083094055676] [198, -4.706276889300323]
1.90768067182 0.6088207026 4 [12, 0.1469684310424464] [15, -0.024169227938204862] [179, -4.553414325817926] [198, -4.5271399881167245]
1.93432496127 1.44494295688 4 [12, 0.15428861128428384] [15, -0.028309446661690885] [179, -4.500478323779192] [198, -4.357069777337813]
1.97176935053 1.39421207139 4 [12, 0.17043445468645846] [15, -0.024606518085279028] [179, -4.450191325119124] [198, -4.213121800246371]
1.90308148415 -0.629070614286 4 [12, 0.17734079397508395] [15, -0.03294960865675378] [179, -4.399152241595982] [198, -4.078407457591524]
2.01404276662 0.204274939538 4 [12, 0.18536855273283592] [15, -0.042750169828234874] [179, -4.349326913959458] [198, -3.962897361838361]
2.04621069503 1.83474450497 3 [12, 0.22195524371846798] [15, -0.023624106759490004] [198, -3.8964194314024514]
0.031389588114 -1.51880399689 3 [12, 0.22195524371846798] [15, -0.023624106759490004] [198, -3.8964194314024514]
-0.00885787043238 58.9861478066 3 [12, 1.22195524371703] [15, 0.976375893239072] [198, -2.8964194314038894]
0.0253384469182 20.2440624665 3 [12, 1.5561988719344857] [15, 1.3106195214565277] [198, -2.5621758031864337]
1.97755131909 0.0535273963299 3 [12, 1.6441407102274654] [15, 1.405615743500185] [198, -2.6224995245353404]
1.98869315185 -0.971562987446 3 [12, 1.7309797321904057] [15, 1.5037011521763715] [198, -2.6722087867880675]
1.97252901468 -1.29923067536 3 [12, 1.8154961416181168] [15, 1.6031195595521668] [198, -2.7136550227688074]
1.97325425622 -0.497876147062 4 [12, -4.386609168646231] [15, 1.7019253131978864] [113, 0.27946299680171993] [198, -2.7488561661182547]
2.04207269484 0.205286164031 4 [12, -4.309656321914489] [15, 1.7982843053042679] [113, 0.29399701524592103] [198, -2.778776325478625]
1.98836716783 1.0684554487 4 [12, -4.237354539459559] [15, -4.392563070523997] [113, 0.3100245719976753] [198, -2.804510222723525]
1.98092651857 0.531234863404 5 [12, -4.170086947179624] [15, -4.305544474268273] [63, -0.7060228253287959] [113, 0.32797652862714877] [198, -2.8270489167510924]
1.93404318845 -0.352642254688 5 [12, -4.107787407756946] [15, -4.224504645474643] [63, -0.7405469935454683] [113, 0.3479860598551401] [198, -2.846754101093291]
1.91685535043 -0.00320410459748 5 [12, -4.050481407726415] [15, -4.149923067369361] [63, -0.7777899235654311] [113, 0.37063356250234225] [198, -2.864297096554757]
1.99589668089 0.592946811831 5 [12, -3.9978063613358996] [15, -4.081670693002093] [63, -0.8181216440529431] [113, 0.39619506153498474] [198, -2.8798397317289997]
1.87856917414 -0.544730748089 5 [12, -3.949465315310562] [15, -4.019509276830312] [63, -0.8617815008581173] [113, 0.42525050230060835] [198, -2.893686813179904]
2.02872574372 0.485786410768 5 [12, -3.905280885554456] [15, -3.9632274630738085] [63, -0.9088657895104171] [113, 0.45878387916395535] [198, -2.906258235676547]
2.01254027916 -2.83056311905 4 [12, -3.8647626540952267] [15, -3.9121982206334716] [63, -0.9597122802927696] [113, 0.4975030006729666]
2.13760948623 1.03938943527 4 [12, -3.827728547017365] [15, -3.866105553843638] [63, -1.014355230653762] [113, 0.5428818112584333]
1.92946966406 -0.164470743171 4 [12, -3.793707706705365] [15, -3.824291794150967] [63, -1.07301824425668] [113, 0.596183889618338]
1.98457377259 0.66959206505 4 [12, -3.762359357937256] [15, -3.7862471290218327] [63, -1.135726493412435] [113, 0.6592326181516084]
1.8810850024 -0.609247357858 3 [15, -3.7517747456465136] [63, -1.202208283373468] [113, 0.7348416012990118]
1.94733701954 1.39943684114 3 [15, -3.720322991335767] [63, -1.2722914357688988] [113, 0.8255489010286023]
1.9860717203 0.718065228706 3 [15, -3.691715733009535] [63, -1.3454517809276654] [113, 0.9347635192606356]
1.98042111329 0.376366275884 3 [63, -1.4211504273488096] [113, 1.064805550414591] [122, 0.21461164587373283]
2.04372236052 1.06194810279 4 [63, -1.498593045920197] [113, 1.2166312087719717] [122, 0.2261814446306527] [132, 0.7945528151613495]
1.9448071976 -2.11987540912 4 [63, -1.5768675090800057] [113, 1.387793769464401] [122, 0.23920091928994314] [132, 0.832853907370418]
2.02711335048 -0.365046135961 4 [63, -1.6550417337138112] [113, 1.5704984902812615] [122, 0.25370357186959325] [132, 0.8739796367967783]
1.9921121865 0.0678036457062 4 [63, -1.732195928142303] [113, 1.7533279648203095] [122, 0.27020636317288727] [132, 0.9182447819304276]
1.89231802042 -1.4090750494 4 [63, -1.807432948660849] [113, -4.3583669172232895] [122, 0.2888505789609672] [132, 0.9656747189911865]
2.00149616048 0.282552034483 4 [63, -1.879987189136974] [113, -4.205814585467376] [122, 0.3100871459399803] [132, 1.0163993501964192]
2.07758862346 -0.0772544085595 4 [63, -1.9493308502875286] [113, -4.075186912977827] [122, 0.3347027922537631] [132, 1.0705837531831737]
1.97649469676 -0.426366885016 4 [63, -2.0149901661652145] [113, -3.9654337056183024] [122, 0.36328815290533] [132, 1.1281523209778834]
1.95989692504 -0.998841756732 4 [63, -2.0768413061235846] [113, -3.87428609173446] [122, 0.39721075531387484] [132, 1.189133599488219]
1.99509255356 -0.103581276779 4 [63, -2.1346677487286785] [113, -3.798306796929359] [122, 0.4375574744365611] [132, 1.2532271871451854]
1.91695079435 1.54523816844 4 [63, -2.1884813539136196] [113, -3.734640129833893] [122, 0.4862212437555655] [132, 1.3201342370109828]
1.94762160077 -1.59745344088 4 [63, -2.2385415359712337] [113, -3.6812128768830172] [122, 0.5462635414138441] [132, 1.3894849643206255]
2.13913059905 1.6112097863 4 [63, -2.284872102822585] [113, -3.635729042754039] [122, 0.620940439351668] [132, 1.460645306492153]
2.05888721466 0.978778495706 4 [63, -2.3278417580863944] [113, -3.596960464166481] [122, 0.7157384545705403] [132, 1.5329806939448218]
2.0681143838 -2.07292486024 4 [63, -2.3675236549211647] [113, -3.5633784308065444] [122, 0.8366807769506472] [132, 1.6057217897674816]
2.04615863377 0.398989683081 4 [63, -2.4043184360018426] [113, -3.534319281565383] [122, 0.9915900050543245] [132, 1.6780959992975095]
2.00507571683 -0.850947845741 4 [63, -2.4382998287697264] [113, -3.5087444163864068] [122, 1.1851715293772154] [132, 1.7493738880468532]
1.9806542225 -1.41868847461 3 [113, -3.485992887870581] [122, 1.4142178508661498] [132, 1.818925236697508]
2.06062136068 0.50996137111 3 [113, -3.4659249793466564] [122, 1.6611666742991584] [132, -4.397093271155605]
2.09677447928 0.463929972948 3 [113, -3.447904414767755] [122, -4.385207958206474] [132, -4.332691854259264]
1.85328809941 -1.65823306524 3 [113, -3.431850548421947] [122, -4.18078123017842] [132, -4.271487620336461]
1.96271820557 0.985921596866 3 [113, -3.4172758726572376] [122, -4.015422414090449] [132, -4.213572440360436]
2.02158506054 -0.609114125361 2 [122, -3.8854199166952412] [132, -4.15902537574574]
2.06072783914 0.536893369961 2 [122, -3.7841491891611163] [132, -4.107990845241957]
1.93607017172 -0.404035138804 2 [122, -3.7041951103403554] [132, -4.060252472073137]
2.02241777806 1.17960028933 2 [122, -3.640631820422195] [132, -4.015845056947718]
1.97403220812 1.12415247691 2 [122, -3.5889315044543753] [132, -3.974449360741523]
2.00930269359 -1.00737947346 2 [122, -3.5462176786062622] [132, -3.935882303320105]
2.00631533613 -0.409980741955 2 [122, -3.510683470720414] [132, -3.9000703473608787]
1.97762566153 -0.0389359550283 1 [122, -3.4805081831698876]
1.99228651026 -0.987052178481 1 [122, -3.454926110005788]
2.06215814438 -1.69899594236 1 [122, -3.432709854136762]
2.07368839976 -1.73585076082 1 [122, -3.4132284421897574]
1.96153070825 -0.117056781873 1 [122, -3.3962967136399502]
2.07166426112 -0.929019229391 1 [122, -3.381203387588064]
2.00312836095 1.54783516161 2 [101, 0.5876505643815353] [122, -3.3679278884543153]
2.00445375485 -0.713953791736 2 [101, 0.6166239984535729] [122, -3.355931845575537]
2.05887827914 1.85514423025 2 [101, 0.6480987663751776] [122, -3.34502615543739]
1.93766427121 0.659654613193 1 [101, 0.6825907491980292]
1.88590353283 -0.632149657432 1 [101, 0.7201157672034082]
2.04747881709 0.0672841181831 1 [101, 0.7613257588031495]
2.00935160212 -1.11879769152 1 [101, 0.8063448242442455]
1.91962125271 -0.971171877215 1 [101, 0.855541855066666]
2.03485287925 0.195790615272 1 [101, 0.9095249644005383]
2.03891098884 -0.922207059466 1 [101, 0.968372529012405]
1.98581275993 -0.850973077603 1 [101, 1.032568806961815]
2.02162567148 -1.79648599227 1 [101, 1.101997632168941]
2.0253791274 -0.514260679753 1 [101, 1.1766159457019407]
2.08234788354 1.53909651284 1 [101, 1.256310400014879]
2.00942071537 1.09427270421 1 [101, 1.3403033415555736]
1.95633921746 -0.18375661867 1 [101, 1.4277888188165608]
1.962545446 -1.94612102175 2 [50, -1.3973296564922317] [101, 1.5175183182263225]
1.9631779992 0.465432573172 2 [50, -1.447408009112372] [101, 1.6081562694370035]
1.92305714022 -1.80087849327 2 [50, -1.4980781905265186] [101, 1.6982158512545835]
2.27926943866 -0.791421653537 2 [50, -1.549123830835188] [101, 1.7863036169480049]
1.94842071931 -0.165990477291 2 [50, -1.6002731608266014] [101, 1.8710708201164667]
1.98041109213 -0.454255887963 2 [50, -1.6512642900974641] [101, -4.33150587633673]
1.97270285671 -0.487000348275 2 [50, -1.7018162400400998] [101, -4.2556704499927385]
2.04897570082 0.128546926611 2 [50, -1.7517228829586] [101, -4.185203143615229]
2.13468735477 0.874375072339 1 [101, -4.119970492312614]
1.98104172915 -0.898127395262 2 [2, -0.7194393365587906] [101, -4.06016411610838]
1.99147541012 0.788452019102 2 [2, -0.7540396895291739] [101, -4.005167267417456]
1.97616367211 -1.70329855214 3 [2, -0.7914764333378042] [29, 1.3532886403240045] [101, -3.954750819453514]
2.01116482536 -0.269044858755 3 [2, -0.8316998275936855] [29, 1.4031530650694517] [101, -3.908881314329719]
1.98810114084 0.725297324342 3 [2, -0.8751997286799535] [29, 1.4538603016645464] [101, -3.866866881015963]
1.96250896114 1.47470917126 3 [2, -0.9219085906280693] [29, 1.5052127064180425] [101, -3.8286710683475906]
1.98352562272 -0.26366529544 3 [2, -0.9722833373556861] [29, 1.5569052814382873] [101, -3.7936140167506425]
2.0639377243 -0.0198910714536 3 [2, -1.0264532248515432] [29, 1.6086857576847269] [101, -3.761373927589702]
1.93320783376 -1.27532845205 3 [2, -1.0842282007784063] [29, 1.6602657085194181] [101, -3.7319852972584244]
1.86002209198 0.622508419536 2 [2, -1.1458470047584184] [29, 1.7113917029718504]
2.03877239173 0.464034054494 2 [2, -1.2109475908721374] [29, 1.7617532774574114]
1.94046431399 -0.0696119391994 2 [2, -1.2795395284730997] [29, 1.8112071367042315]
1.95395380569 0.399850824365 2 [2, -1.3510844648441678] [60, -0.49828970457879107]
2.01570067893 -0.940296858164 2 [2, -1.424861151788226] [60, -0.5233743352991413]
1.9086361894 -1.36210365276 2 [2, -1.5002764279167016] [60, -0.5509900808600436]
2.0004878317 1.09597070006 2 [2, -1.5764578051749418] [60, -0.581043538955345]
1.98204376105 -2.16283416946 2 [2, -1.6525693122542497] [60, -0.6142948065466016]
2.08230395797 1.91730046285 2 [2, -1.7276825525776025] [60, -0.6511617885658012]
1.84095576115 -0.562688338603 2 [2, -1.8010958943146727] [60, -0.6916327541709224]
2.03582937581 -0.312360431925 2 [2, -1.8719998266932976] [60, -0.73667129428615]
2.00268691322 1.65719241312 2 [2, -1.9400414682442673] [60, -0.7863222856129624]
2.01838695663 -0.269113013077 2 [2, -2.004609422827739] [60, -0.8416538232535125]
2.03694166349 0.819104188614 4 [2, -2.065312561423265] [60, -0.903388478127257] [129, 0.5215583221464186] [166, -0.39061709628076713]
1.84180753837 -0.0829372676686 4 [2, -2.122443987636471] [60, -0.9713508602218703] [129, 0.5486054472809068] [166, -0.41139110844829885]
2.02737745135 -0.809007352703 5 [2, -2.1756782672346615] [60, -1.046416403874094] [129, 0.5780993435706723] [166, -0.43454558358686723] [178, 1.1931155890352905]
2.08036565133 -0.0167598576663 5 [2, -2.2254748397388933] [60, -1.1282472005518418] [129, 0.6108852028451395] [166, -0.45987000902925335] [178, 1.2413767939031777]
2.03193702743 -1.91456038429 5 [2, -2.2715987290122737] [60, -1.2171085174586374] [129, 0.6468429828236628] [166, -0.4883171896526348] [178, 1.2912159995403254]
1.930168376 -0.0893151096053 6 [2, -2.314219423408521] [60, -1.31225100534571] [129, 0.6863873146930866] [161, 0.543663191334371] [166, -0.520399978626731] [178, 1.3424835872143053]
2.00255866297 0.696275998115 6 [2, -2.3539783343075866] [60, -1.4121655365167296] [129, 0.7305873459177601] [161, 0.5713054510109714] [166, -0.5560255387956583] [178, 1.395107550445549]
2.00035095576 -0.223177896994 6 [2, -2.3906601323191663] [60, -1.5154054290062287] [129, 0.7793883659201084] [161, 0.6013440947260467] [166, -0.5965429987524087] [178, 1.448699752239917]
2.04895826263 0.946040169108 6 [2, -2.4249361222190924] [60, -1.6197939046534344] [129, 0.8339705225067489] [161, 0.6346460617548724] [166, -0.6420047667460733] [178, 1.5030558381137782]
2.00471328477 1.26279834228 5 [60, -1.7231403606215818] [129, 0.8942669079589383] [161, 0.6710147514338978] [166, -0.6941120746619389] [178, 1.5577895965792958]
1.95822277491 -1.45247459673 5 [60, -1.8231839355700559] [129, 0.9607938997875936] [161, 0.7108227361695292] [166, -0.7539785687940057] [178, 1.6126153450810543]
2.0895505747 0.70797323725 5 [60, -1.918365448981167] [129, 1.0344026252913006] [161, 0.7549330929438733] [166, -0.8222005677944058] [178, 1.667202690228149]
2.00572792006 -1.06521091242 5 [60, -2.0071973101284275] [129, 1.114873501686847] [161, 0.8033708627331491] [166, -0.9006012138862656] [178, 1.7212677907087892]
1.95477993296 0.664769299777 5 [60, -2.0895270642263966] [129, 1.2026433244188297] [161, 0.8572855699528716] [166, -0.9894058902435408] [178, 1.7744066490790669]
1.96172862314 1.03882883329 6 [25, 0.006640999564013761] [60, -2.1645783541521797] [129, 1.2965840626273328] [161, 0.9164708365140566] [166, -1.0902557535505584] [178, 1.8264625475696352]
2.02851237855 0.117506024229 6 [25, 0.006538682040997834] [60, -2.232413714870644] [129, 1.3957106939199528] [161, 0.9813441415646329] [166, -1.203056664055039] [178, -4.405942803310459]
2.03426993008 1.86264010396 6 [25, 0.006962655882762903] [60, -2.2941555433561147] [129, 1.4986865004621306] [161, 1.0528951864041245] [166, -1.3259539537572227] [178, -4.356862507687853]
2.01575589298 0.434561441933 6 [25, 0.007085578308846152] [60, -2.3495414170035236] [129, 1.6032125611692454] [161, 1.1305520297535798] [166, -1.4569620319355323] [178, -4.309397479030012]
2.05740560583 1.43697848586 6 [25, 0.007883104030799615] [60, -2.399948423922836] [80, -0.5102459931352077] [129, 1.7070019507512466] [161, 1.2147359224852243] [166, -1.591838079011762]
1.87949800978 -0.0927521963573 6 [25, 0.008372261421496496] [60, -2.445100060056477] [80, -0.5359556505819683] [129, 1.8079688522244464] [161, 1.304285112637924] [166, -1.7260180502734102]
2.13057021695 -0.678388881257 6 [25, 0.008446854023355321] [60, -2.4855186158954385] [80, -0.5643970340577904] [129, -4.378708899250955] [161, 1.3983299447601052] [166, -1.8545506677720298]
1.98524407423 1.08056694937 6 [25, 0.009444198280284866] [60, -2.522596794543412] [80, -0.595061315103778] [129, -4.288540568400572] [161, 1.4957790927751962] [166, -1.974483674895521]
2.00461358758 -1.49844688786 6 [25, 0.009499893467199705] [60, -2.5555984432516285] [80, -0.6294245708387121] [129, -4.204645550071255] [161, 1.5946239685096995] [166, -2.082687192911346]
1.9322632441 0.851974344485 6 [25, 0.010718079786071755] [60, -2.5861182475377342] [80, -0.6667036004241007] [129, -4.128334543994398] [161, 1.6930382245644164] [166, -2.1797365919862655]
1.97664572275 -1.43244252502 6 [25, 0.01141225681971747] [60, -2.6135914261871105] [80, -0.7082805984701648] [129, -4.058677837664184] [161, 1.7892317242111906] [166, -2.2648236647489903]
1.94863365367 0.00985262819103 6 [25, 0.011306561985348296] [60, -2.6383239988103213] [80, -0.7546906080549269] [129, -3.995262859942062] [161, -4.401386879512347] [166, -2.338749250002868]
2.03882310378 1.47578026351 5 [25, 0.013014389052282027] [80, -0.8053564104120978] [129, -3.9387184607390098] [161, -4.314270979125713] [166, -2.4041588656080424]
2.05674469376 1.48520847392 5 [25, 0.013908243063541548] [80, -0.8619276919172747] [129, -3.887360086611722] [161, -4.232762938900179] [166, -2.460794962844517]
1.95260998113 -2.94426051135 5 [25, 0.01798992573478575] [80, -0.9237241042180657] [129, -3.8418519938123685] [161, -4.158180420918244] [166, -2.5113666829167007]
2.07668466615 -0.38006543001 6 [25, 0.02185176644712783] [80, -0.9924200554769125] [119, 0.6883482423758966] [129, -3.800376914206399] [161, -4.089561891353922] [166, -2.555305765190175]
1.94980679171 -0.53463351547 6 [25, 0.024941115270259218] [80, -1.0682896892750957] [119, 0.721709716497009] [129, -3.7623953679311417] [161, -4.026579714834944] [166, -2.5934811903160764]
2.01422906276 0.0895600867239 6 [25, 0.038435273137701564] [80, -1.1501648879618376] [119, 0.7585960645449088] [129, -3.7288408538715214] [161, -3.9702294039164934] [166, -2.628342627878028]
1.92053691652 0.375024339504 6 [25, 0.06407189531932733] [80, -1.2389624880481942] [119, 0.7981052269323587] [129, -3.697872403450918] [161, -3.91866023723549] [166, -2.658799952935142]
1.91944350585 0.422756349157 6 [25, 0.28480700582952156] [80, -1.3331960169042865] [119, 0.8413492782597638] [129, -3.6701415250531215] [161, -3.872435947931744] [166, -2.6865889176833653]
2.00804978859 -0.0363690626457 6 [25, -3.257781888273155] [80, -1.4322012759786467] [119, 0.8876801936931953] [129, -3.644287441680696] [161, -3.8299628845623914] [166, -2.710936994679614]
1.95780603336 0.621540493969 5 [25, -3.1765047162862237] [80, -1.5338874137893934] [119, 0.9372712220868733] [161, -3.7907130904330737] [166, -2.7321842499130287]
2.09258578622 -0.726238562297 6 [25, -3.164369567454637] [76, 0.9457740564224686] [80, -1.6360656415293424] [119, 0.9918655682008479] [161, -3.756122326818092] [166, -2.7525752715040115]
1.92829500908 0.0210715236756 5 [25, -3.1543094393946336] [76, 0.987362504350279] [80, -1.736659258818023] [119, 1.0500448926877546] [161, -3.723875712839283]
1.99558975314 0.86174624918 5 [25, -3.154981140168989] [76, 1.0322738218464984] [80, -1.8344813632779942] [119, 1.1134991849987426] [161, -3.695774787364986]
2.01942712178 1.0404508909 5 [25, -3.1521055096262955] [76, 1.0791533637828135] [80, -1.9270820585143795] [119, 1.1804681907567645] [161, -3.669271142312305]
2.08038195741 0.490084092234 4 [25, -3.146418197020955] [76, 1.1279180814607859] [80, -2.0126730302263485] [119, 1.250751003182061]
2.0005295565 -1.98118190087 4 [25, -3.147853460601488] [76, 1.18019070398271] [80, -2.093372188436342] [119, 1.3256478330485937]
1.96895163119 0.858595880564 4 [25, -3.145475164437171] [76, 1.2341180219231997] [80, -2.166012491090723] [119, 1.4028509925039234]
2.03051786947 -0.524615220595 5 [25, -3.150528363717495] [76, 1.2912959800511805] [80, -2.235224894107729] [119, 1.4826860463587108] [123, 1.3327817378255533]
1.99408472908 1.12766948238 5 [25, -3.1471146618120747] [76, 1.3490146407747021] [80, -2.2942793543513873] [119, 1.5630031931953257] [123, 1.3819571776482453]
1.91693040422 -0.0147979784113 5 [25, -3.1373818100074216] [76, 1.4073414187235818] [80, -2.34309215783197] [119, 1.643811048900365] [123, 1.4313615522382435]
2.01697677722 0.190826583837 5 [25, -3.1389644891213506] [76, 1.468775617989535] [80, -2.3932503952990642] [119, 1.724006767510148] [123, 1.4829009370248452]
0.0760287191508 0.389531240158 5 [25, -3.1389644891213506] [76, 1.468775617989535] [80, -2.3932503952990642] [119, 1.724006767510148] [123, 1.4829009370248452]
-0.0196165411432 57.1621658469 5 [25, -2.138964489122787] [76, 2.468775617988099] [80, -1.3932503953005004] [119, 2.724006767508712] [123, 2.482900937023409]
-0.0274038794818 59.0290969177 5 [25, -1.1389644891242239] [76, 3.468775617986662] [80, -0.3932503953019375] [119, 3.7240067675072748] [123, 3.482900937021972]
0.00779741380907 53.290010707 5 [25, -0.19199539971491641] [76, 4.4157447073959695] [80, 0.55371869410737] [119, 4.6709758569165825] [123, 4.42987002643128]
1.98883285904 -1.8062296881 5 [25, -0.20829417263019256] [76, 4.3575091974150615] [80, 0.592208211777993] [119, 4.591054806102474] [123, 4.3807663641116275]
1.98290753047 -0.131125340727 5 [25, -0.22772844135778403] [76, 4.301723617675567] [80, 0.6355546323256773] [119, 4.512686880502292] [123, 4.3333013047237205]
2.01343746835 0.417724479346 4 [25, -0.2509805884397456] [76, 4.248516663509943] [80, 0.6847324622896693] [119, 4.436732899799106]
2.06455736281 -0.631498651944 4 [25, -0.27928582698334314] [76, 4.1979876198573916] [80, 0.7406968843437609] [119, 4.363900622294916]
1.90012918906 -1.57458179993 4 [25, -0.31445596930184316] [76, 4.150172105933228] [80, 0.8045078364431093] [119, 4.294711394037136]
2.003096276 0.546326096016 4 [25, -0.3596176434550138] [76, 4.105137528743461] [80, 0.8770994662217728] [119, 4.229590933045918]
2.04702907354 -1.39998466088 4 [25, -0.4188286713597875] [76, 4.062746028100244] [80, 0.9597229637363942] [119, 4.168625322564363]
1.8223601866 0.538777668561 4 [25, -0.4992267688716241] [76, 4.022906113600721] [80, 1.0532061742276146] [119, 4.111830945795828]
2.01439882199 1.05554321793 4 [25, -0.6128782808033728] [80, 1.1578424084602001] [119, 4.059115710875518] [161, -0.8443615933081982]
2.00802939182 1.37357557229 5 [25, -0.7801279887958661] [80, 1.2730271287359598] [119, 4.01031061932724] [161, -0.8843462314043555] [166, 0.10151283422778867]
2.04165274079 0.716567845838 5 [25, -1.0314930973850411] [80, 1.3968686711226634] [119, 3.9653116781713376] [161, -0.9272084788415609] [166, 0.10698599512438722]
2.03623727528 0.262591561888 5 [25, -1.3858830158480921] [80, 1.5263814359228867] [119, 3.923759482337436] [161, -0.9729818848163965] [166, 0.11312920336005128]
2.02208410951 -0.288233081831 5 [25, 4.492004060135212] [80, 1.6574290751802343] [119, 3.8853947358629206] [161, -1.021767742653465] [166, 0.12006574822254512]
2.031340666 -0.0461042387562 6 [25, 4.14658544682301] [80, 1.7855780523559706] [119, 3.849959483082589] [129, -0.8562062819609332] [161, -1.0736246620843517] [166, 0.12795083217808334]
1.99143616438 1.40179697038 6 [25, 3.904920578770459] [80, 1.9070658691237423] [119, 3.8173195924103585] [129, -0.895859288237198] [161, -1.1286318700297775] [166, 0.1367786910562867]
2.00395243561 -1.17645870247 5 [25, 3.7437785612163035] [80, 2.019112431946401] [129, -0.9381644707363208] [161, -1.1866244317229264] [166, 0.1469787325912424]
1.99841370275 1.88860072573 5 [25, 3.633874899869223] [80, 2.120295923349029] [129, -0.9832356313764925] [161, -1.2474393158652095] [166, 0.1588823172649967]
2.01922950936 0.837727285225 5 [25, 3.555806309680552] [80, 2.2103314812298196] [129, -1.0311577613802188] [161, -1.3108153530318445] [166, 0.17293536976312307]
2.12050016832 1.66151709842 5 [25, 3.4980958728016214] [80, 2.289716195850761] [129, -1.081975443608298] [161, -1.376388377171926] [166, 0.18975184392001032]
2.06409277967 -0.124646693014 6 [25, 3.4542984593203325] [60, 0.10686452795857848] [80, 2.359578397655932] [129, -1.1357571383598488] [161, -1.443720817234733] [166, 0.20988209999417262]
2.07928444084 1.06040427619 6 [25, 3.419810609137362] [60, 0.1124896753222655] [80, 2.4208215246920073] [129, -1.1923354185311046] [161, 4.7709761883868484] [166, 0.23483622188400632]
1.95164651581 1.93218363835 6 [25, 3.391989345363892] [60, 0.11878264742293121] [80, 2.47455116069918] [129, -1.2515524884621527] [161, 4.701945669296135] [166, 0.2665013897692061]
1.83813750615 0.166280387261 6 [25, 3.369087180762171] [60, 0.12586210932984776] [80, 2.5217984538682447] [129, -1.3131629328491718] [161, 4.633016322538385] [166, 0.30785710604837924]
2.03721872633 -0.090955307525 6 [25, 3.3499090293167963] [60, 0.13387628821415287] [80, 2.5634816955599087] [129, -1.3768299889382405] [161, 4.564825752198596] [166, 0.36385075216039664]
1.88138694961 2.50231762459 6 [25, 3.333877700438232] [60, 0.14278169552772457] [80, 2.6005969335451713] [129, -1.4421582700680249] [161, 4.498020600295434] [166, 0.44249450315141625]
2.22353199508 -0.789589142713 6 [25, 3.3200847912686573] [60, 0.15301593736314856] [80, 2.6336101548473607] [129, 4.774597796233118] [161, 4.433105967124737] [166, 0.5604938576875489]
2.03402194395 -0.946923186758 6 [25, 3.308086566035721] [60, 0.16488530677470292] [80, 2.663096418126795] [129, 4.707626392190825] [161, 4.370514231669156] [166, 0.749261314785939]
2.10464611007 0.334490697204 6 [25, 3.2975482734832644] [60, 0.1787966577394835] [80, 2.689540963836298] [129, 4.640699598803027] [161, 4.310576008797906] [166, 1.0631791644733968]
1.97941309567 0.446838917139 6 [25, 3.288400756375464] [60, 0.19501378261312863] [80, 2.713510448708992] [129, 4.57443086876025] [161, 4.253606867415219] [166, 1.533257217883093]
2.05297724778 -1.22380326298 6 [25, 3.2802361060132252] [60, 0.21453408933923135] [80, 2.735180943187964] [129, 4.509368883583312] [161, 4.1996664522349905] [166, 2.020119881475887]
2.00839369267 -1.446062071 5 [25, 3.2728986680718872] [60, 0.23843422305122575] [129, 4.446003763820018] [161, 4.148800841091462] [166, 2.3574577960495766]
2.10338835283 0.650600253058 5 [25, 3.2662637585872574] [60, 0.2683015599991885] [129, 4.384746999366386] [161, 4.100988306786242] [166, 2.5605285966597897]
1.99012454927 -0.522139438107 4 [60, 0.30656521529708614] [129, 4.325921093914411] [161, 4.056154635721748] [166, 2.686283935482199]
2.0364757824 -0.0959901592732 4 [60, 0.3565934331708913] [129, 4.269842603824086] [161, 4.014299042989143] [166, 2.7698743921992346]
2.08684744291 3.05019898502 5 [2, 0.13979849149330126] [60, 0.4252540232944013] [129, 4.216585521242324] [161, 3.9751746838315167] [166, 2.8284009592509882]
2.04140382613 1.09540937936 4 [2, 0.1471631353281735] [60, 0.5240003317550013] [129, 4.166213854777348] [166, 2.8713524998766085]
2.02135384251 1.46739832885 4 [2, 0.15538519690819097] [60, 0.6739117604522307] [129, 4.118727200861525] [166, 2.90407041067633]
1.98041373701 -1.45949078833 4 [2, 0.16441740916894831] [60, 0.9115823228032036] [129, 4.074182172816415] [166, 2.9301048154577174]
1.95747727709 -0.234303320498 4 [2, 0.17461843714203806] [60, 1.2827111791930352] [129, 4.032385791579259] [166, 2.951035246290216]
1.99990485222 -0.242359455017 4 [2, 0.1862184501502897] [60, 1.7517137055517018] [129, 3.9932183163539188] [166, 2.968195423328744]
2.13807167034 -0.843985515249 3 [2, 0.1995111646125507] [60, 2.155819182468411] [166, 2.9824954647435398]
1.97091895936 -0.753021870268 3 [2, 0.2148769737038736] [60, 2.422174157487949] [166, 2.994576328132985]
2.01526850119 0.064199610091 3 [2, 0.2325327062170055] [60, 2.5892442266971223] [166, 3.0051477235051003]
1.99787322827 0.357381850124 3 [2, 0.25338509471403414] [60, 2.6978510629089554] [166, 3.0142769596205525]
1.98988925423 0.863049553259 3 [2, 0.2783419570771568] [60, 2.7724151478458197] [166, 3.0222290883929697]
2.01788261314 1.68697634041 3 [2, 0.30867680294587085] [60, 2.826169850327214] [166, 3.0292080959190786]
2.04945245925 0.655298808108 3 [2, 0.3458069777813253] [60, 2.8669537208412574] [166, 3.035571559267626]
1.90849063624 0.992482834918 3 [2, 0.3927715023182752] [60, 2.898565906258197] [166, 3.0412286564432343]
1.82270310944 -1.33711790142 2 [2, 0.45369479552851333] [60, 2.923713935509368]
2.04185494067 0.17277401001 2 [2, 0.5350669980711971] [60, 2.9441497963080625]
2.03191810675 0.0390079295084 2 [2, 0.647270546981414] [60, 2.9610517755025283]
2.18004507706 -0.430832286273 2 [2, 0.805835492522937] [60, 2.9755318053743185]
1.95054225073 1.72298912292 2 [2, 1.033185679259389] [60, 2.987843471052079]
1.90504153993 1.75287449323 2 [2, 1.3428449374262155] [60, 2.998424046597589]
1.91923281068 -0.114700455403 2 [2, 1.7023691664627363] [60, 3.007601174220717]
1.97680591636 -0.311264221573 2 [2, 2.0321460360740735] [60, 3.0158559081423153]
2.0346474796 0.889699262599 3 [2, 2.2824381322412073] [50, 0.26353504690582086] [60, 3.023127360897224]
1.98712282067 1.43648485739 3 [2, 2.4580793206507083] [50, 0.2773980189884542] [60, 3.0295722290884015]
2.09366530226 0.455328975071 3 [2, 2.5809952327993715] [50, 0.29280986287641686] [60, 3.0353155843314745]
2.10543894615 0.346980727177 2 [2, 2.6692910543113335] [50, 0.3100280233228867]
2.10358765474 0.889148926879 2 [2, 2.735319002274834] [50, 0.32912883266562853]
2.08105988485 -1.49984353495 2 [2, 2.785824693573413] [50, 0.35071145473218057]
1.92920983709 -1.62516911606 2 [2, 2.82548293651449] [50, 0.37525562630592235]
1.98152332856 -1.01490245077 2 [2, 2.8573266247785982] [50, 0.4033640355891521]
1.97417880207 1.66376230267 2 [2, 2.8837565470480158] [50, 0.43549138432813317]
1.975893793 -0.25382545449 2 [2, 2.9057412776776523] [50, 0.4728814126061629]
1.91164664848 -0.211166950713 2 [2, 2.9242800421164334] [50, 0.516782684126315]
2.02674134668 -0.931572324243 2 [2, 2.940097645058245] [50, 0.5688057760834193]
2.02388667455 0.0334082276019 2 [2, 2.953731263038663] [50, 0.6310209156301656]
2.10024852425 -0.755272953504 2 [2, 2.965858862578173] [50, 0.7056322018578982]
2.1268608459 -0.0379824462215 2 [2, 2.9764910137152194] [50, 0.7962346461522996]
1.98577043152 -0.452312698329 2 [2, 2.9858757352538827] [50, 0.906452740178169]
2.02708694707 0.388360399687 2 [2, 2.994209308509479] [50, 1.0396488988483423]
2.03365867363 0.220228136139 2 [2, 3.0016489910135444] [50, 1.19739327968972]
1.95267554261 -0.853810166499 1 [50, 1.3769150885454418]
1.9046729722 1.04439988855 1 [50, 1.5700455756753844]
1.95821263089 0.804808371849 1 [50, 1.7632755765968933]
1.98596262325 -1.10436354527 1 [50, 1.943053634356002]
2.09127980495 -1.99679697643 1 [50, 2.1011375445799825]
2.01239097735 -1.11836802316 1 [50, 2.2346737789176565]
2.08224662533 1.93936869289 1 [50, 2.3451867978104497]
2.15039154159 -0.543533782927 1 [50, 2.436023188018737]
1.90683035534 -0.706842806695 1 [50, 2.510807819600963]
1.93966286587 -0.291580516692 1 [50, 2.573199128647744]
1.96181705068 1.46782840123 1 [50, 2.6253532254474576]
2.01415696501 2.61350701371 1 [50, 2.669346159785098]
1.93944261783 -0.972295887036 1 [50, 2.7067936553467202]
1.92428440824 1.55476607463 2 [50, 2.7393096272152127] [61, 0.9784983780584902]
2.0758695145 -0.026573838652 2 [50, 2.7674704987285033] [61, 1.0221178249293799]
1.85253651992 -1.53298452761 3 [50, 2.7920424698052386] [61, 1.0682329013987817] [78, 0.32330759922374375]
2.07593563829 2.06658995141 3 [50, 2.813630325367674] [61, 1.1168407901349091] [78, 0.3403723671411616]
1.92920643401 0.41244591044 3 [50, 2.8327154524601124] [61, 1.167890037868766] [78, 0.3593164651609797]
2.08328469885 -0.323752680152 3 [50, 2.849975626042566] [61, 1.2211648644870856] [78, 0.3801418730273345]
2.09265509759 -0.380888953858 3 [50, 2.8654081930761093] [61, 1.276628062922857] [78, 0.40347846131986476]
2.00743239919 0.0766495079309 3 [50, 2.8792716798111764] [61, 1.3340437110655052] [78, 0.4297639792282564]
2.02486184603 -0.146468333989 3 [21, 0.5723436296294528] [61, 1.3931067790936702] [78, 0.4595334945726821]
1.98310136366 0.744399260531 3 [21, 0.6008314090542435] [61, 1.4534073279533175] [78, 0.49306546405906326]
2.12305659195 -0.0345086955335 3 [21, 0.6319755924759314] [61, 1.5146048459960648] [78, 0.53150524247299]
2.05592456541 -0.380652139856 3 [21, 0.6660848165236553] [61, 1.5762399627510824] [78, 0.5758455714691848]
2.02454670501 0.753426515134 4 [21, 0.7034990145780913] [61, 1.6378329727806877] [78, 0.6273041565501931] [139, 0.4159658123217518]
1.98463191923 2.4865088986 4 [21, 0.7445870481041028] [61, 1.6989056442013444] [78, 0.6873559917870435] [139, 0.4382855756731976]
1.9430718633 2.31224882421 4 [21, 0.7894608883816099] [61, 1.7590708710436707] [78, 0.7572619267757104] [139, 0.4627014448872355]
1.92068060443 1.3946212631 4 [21, 0.8388029340489103] [61, 1.8178885475112672] [78, 0.8394552485821583] [139, 0.4898566673992861]
1.96516667552 1.30341090801 4 [21, 0.8930165046385954] [61, 1.8749980227419252] [78, 0.9359735578467341] [139, 0.5201768809272287]
2.04256525676 -0.74164917469 4 [21, 0.9524687433023671] [61, 1.9301037061798614] [78, 1.0485147733807454] [139, 0.5541654161658951]
2.06214517968 -0.132389203011 4 [21, 1.0171843410797028] [61, 1.9831215254038697] [78, 1.177370891666764] [139, 0.5920382378310454]
1.9779397836 -0.594101361579 4 [21, 1.087591114112761] [61, 2.0337953025584614] [78, 1.321746131312166] [139, 0.6347977278622488]
2.00670585289 -0.205946500887 4 [21, 1.1636917144511154] [61, 2.0820097772906] [78, 1.4776324269283359] [139, 0.6832953730386875]
1.98563439718 0.382370655655 4 [21, 1.2451869905367736] [61, 2.1277192903780175] [78, 1.6382081542183677] [139, 0.7384585793532314]
2.0052830191 -0.0139853070994 4 [21, 1.3314459275784654] [61, 2.170925451295326] [78, 1.7953463570689154] [139, 0.8013130243081446]
2.03532167812 -0.168012489256 3 [21, 1.4213867976846266] [78, 1.9422440600018593] [139, 0.8725059871317578]
2.06467775682 -0.976211794137 4 [21, 1.5138941061788158] [63, -0.661607880683148] [78, 2.074187003641641] [139, 0.953511029558282]
2.01600608369 0.253144366235 4 [21, 1.6074156892088387] [63, -0.6948763240933986] [78, 2.1894204888329183] [139, 1.0451503854478517]
2.13859681787 0.572717343808 4 [21, 1.7002943626239386] [63, -0.7309606910835565] [78, 2.288361009980483] [139, 1.147745286397243]
1.96854609782 1.58416921109 4 [21, 1.7910777431567053] [63, -0.7704389750437262] [78, 2.373180711384049] [139, 1.2605023177711894]
2.01061320239 0.916432033214 5 [21, 1.8783545244250892] [63, -0.8133126403706782] [78, 2.4453343901770026] [121, -0.18110683239137937] [139, 1.3821896455238616]
1.9937400416 0.438584969887 5 [21, 1.9610499617176032] [63, -0.8598766496079043] [78, 2.5068123553052573] [121, -0.19111025340944243] [139, 1.5098863772879423]
2.04081054087 -0.78325736068 5 [21, 2.0384466508603456] [63, -0.9104180096176804] [78, 2.5594046076064005] [121, -0.20216497120040589] [139, 1.6396250213409915]
2.05300863059 0.0340325083952 5 [21, 2.110169236414877] [63, -0.9651970927377276] [78, 2.6046344809517192] [121, -0.21445682436798785] [139, 1.7670470316004778]
2.06887399195 1.13812897531 5 [21, 2.1764632602427207] [63, -1.0247067896649957] [78, 2.6442755780257974] [121, -0.22870466191195926] [139, 1.888522437004038]
2.03628091803 0.675807781795 5 [21, 2.237156989462882] [63, -1.0887483343266595] [78, 2.6788012485458097] [121, -0.2447865592362497] [139, 2.0010777549169836]
1.92097044034 -0.042703812442 5 [21, 2.292510892383297] [63, -1.1573019336220993] [78, 2.7090467784942573] [121, -0.26309362079946563] [139, 2.1030904831406065]
1.96336757525 -0.874303435832 5 [21, 2.3428768915397313] [63, -1.2301814110949865] [78, 2.7356907520287503] [121, -0.28413452361881086] [139, 2.194093793910115]
1.91570874959 0.313642330896 5 [21, 2.3890302613006806] [63, -1.3071709681935948] [78, 2.7597374539231723] [121, -0.3092611109275101] [139, 2.2749685950884384]
2.11712043639 -1.84204347683 5 [21, 2.4310018820400847] [63, -1.3873955748468152] [78, 2.781152636676702] [121, -0.33882093061499563] [139, 2.3460648326329565]
2.02447111867 0.656633649875 5 [21, 2.4691851779387584] [63, 4.813171991803984] [78, 2.8003101560537953] [121, -0.37408309018492747] [139, 2.4084110001544268]
2.02511757368 -1.41077678949 5 [21, 2.5039533701485785] [63, 4.729177887607558] [78, 2.817519081346565] [121, -0.4168198029448187] [139, 2.4630840540396903]
1.89521505723 -1.5240819447 4 [21, 2.5356520609182693] [63, 4.644931036086117] [121, -0.4695559453400173] [139, 2.511107888348528]
1.9620216563 0.737793022612 4 [21, 2.564974024378694] [63, 4.5616842705250145] [121, -0.5370741883266429] [139, 2.553935009285637]
1.9320680122 0.130361100953 3 [63, 4.480509815944947] [121, -0.6238221042290584] [139, 2.5918158467508157]
1.90852725021 -0.399435788263 3 [63, 4.402310475412065] [121, -0.737522676282678] [139, 2.625440289714734]
1.8874672555 -0.523695053369 3 [63, 4.32778265623797] [121, -0.8885397747082264] [139, 2.655396265728001]
1.97217260351 -1.06950748459 3 [63, 4.257400389636926] [121, -1.0879482578762123] [139, 2.6821818355765297]
1.9196362375 -0.242366776874 3 [63, 4.191778516902968] [121, -1.3400202744160286] [139, 2.7066996717791314]
1.98260901561 0.199027996134 3 [63, 4.130698576668442] [121, 4.65873237008228] [139, 2.728796178853676]
2.17790231336 -0.0569104045504 2 [63, 4.074081569678285] [121, 4.38257648978879]
1.87766029006 0.661823028675 2 [63, 4.021748561406651] [121, 4.14917979161788]
1.92465202987 0.688585284976 2 [63, 3.973897064907738] [121, 3.9692504247364875]
1.97238881747 0.158677251716 3 [63, 3.9298186467271394] [121, 3.833790411627522] [194, 0.9170842479644541]
2.08362986947 0.11136078827 3 [63, 3.8892098946107296] [121, 3.7314130287911143] [194, 0.9592205352872611]
1.99493976172 0.632008303217 3 [63, 3.8517701643335753] [121, 3.6526866461358773] [194, 1.0040783529656492]
1.98513854986 -0.0232156668899 3 [63, 3.817210943916904] [121, 3.590843037515473] [194, 1.0517105184706257]
1.9761381672 -0.0879575500654 3 [63, 3.785736691661337] [121, 3.5424355753449044] [194, 1.1018162213001002]
2.06061474389 1.04378842151 2 [121, 3.502872275489815] [194, 1.1546937565155126]
1.99797717241 1.84152776618 2 [121, 3.4699516576058267] [194, 1.210233309400598]
2.04392962077 1.22531540299 2 [121, 3.4421180450490123] [194, 1.26824413955702]
2.04158107081 0.196083805155 2 [121, 3.4192357342789945] [194, 1.328251456389782]
2.00112379658 1.48836096061 2 [121, 3.3993865473485494] [194, 1.3901777478580961]
1.96996885394 2.20292867136 2 [121, 3.3819702443091] [194, 1.4535874178280481]
1.99378880189 -0.121690021568 2 [121, 3.366529604016918] [194, 1.5179725429696636]
1.92662616323 0.648181726068 2 [121, 3.3527105649895317] [194, 1.582773600998668]
2.01567239073 -0.511432627828 2 [121, 3.3410707604427543] [194, 1.647482192620353]
1.87235810497 0.419370946662 2 [121, 3.3304907113927573] [194, 1.7115719404164735]
2.06879375381 -0.266487337004 2 [121, 3.3208011098288157] [194, 1.7744938036599802]
1.96421436641 -0.141705829191 1 [194, 1.8357527350822782]
2.0385548442 0.74380628669 1 [194, 1.8952607346909318]
2.08253759101 0.515623614181 1 [194, 1.952459476627536]
2.07279009238 0.273974384998 1 [194, 2.007084228122209]
1.96789183791 -0.183348521166 1 [194, 2.0589539416515796]
1.99911508895 -1.22441451126 1 [194, 2.10796407306829]
2.0220114066 -0.284870992001 1 [194, 2.154691638088541]
2.05822007287 -0.720404059938 1 [194, 2.198607496994704]
2.08834846112 -0.941582866455 2 [96, 0.9888658286670016] [194, 2.2397546969128523]
1.97797914606 -0.81104876342 1 [96, 1.032604551182825]
2.04143007281 -0.971944348062 2 [96, 1.078232359697248] [99, -0.7640046827237716]
1.99165467879 -1.70493726914 2 [96, 1.1264024031387365] [99, -0.8007050258904661]
2.15906743675 0.193330522684 2 [96, 1.1770519064234242] [99, -0.8399684061415484]
1.8994196661 0.0130655887681 2 [96, 1.230050915967947] [99, -0.8819661707783694]
1.89907946298 0.178416111153 2 [96, 1.285192789471808] [99, -0.9268635262327498]
2.04741893862 0.0318396301141 2 [96, 1.341756417445686] [99, -0.9759428310253894]
1.91130766049 -0.0953359097734 2 [96, 1.4000084839335611] [99, -1.028191775902505]
2.03493918341 -1.0385854654 2 [96, 1.4595412982137688] [99, -1.0836655678521256]
1.97079228583 -0.119636960703 2 [96, 1.5198735044098786] [99, -1.1423634398237912]
1.95757488544 0.252084365783 2 [96, 1.5804942694003363] [99, -1.2053242491377376]
1.92322546693 0.279203969823 2 [96, 1.6411654885408529] [99, -1.2710872196890415]
2.05985265915 1.51089979186 3 [1, 0.7328009797644579] [96, 1.7013247918708967] [99, -1.3393383536112533]
1.87778311456 0.270149265955 3 [1, 0.7681908554285493] [96, 1.7603948934740854] [99, -1.4096830257837274]
2.07790847495 -0.938814667934 3 [1, 0.8069403785806373] [96, 1.8177921059835118] [99, 4.801516865588207]
1.97608628502 -0.385672614964 3 [1, 0.8464173600520788] [96, 1.8743914464949627] [99, 4.728190589995982]
1.96187349 -2.89382710069 3 [1, 0.8896658338184535] [96, 1.9289252025039916] [99, 4.654902864136026]
2.1025871906 -1.47488317909 3 [1, 0.9371403039358703] [96, 1.980844691980342] [99, 4.5821178961938385]
1.96061714268 1.38453722123 3 [1, 0.9893977186758127] [96, 2.029398570979442] [99, 4.510063561695612]
2.02372993023 2.05840884335 3 [1, 1.0393992542592347] [96, 2.079461456559266] [99, 4.4429791771099305]
2.00806601102 -0.0516198940754 3 [1, 1.0934434207115287] [96, 2.127506754624574] [99, 4.379308545158037]