95
-0.0880472833834 -0.439120784059 0
0.0935152631723 13.4526446153 0
1.8637872453 0.98700587293 0
1.91190531448 -0.10745866177 0
1.99245620944 -0.0921620875037 0
1.92775676234 -0.302364820392 0
1.96880214592 -0.558973087832 0
2.07347137885 1.49047126002 0
1.97308979828 0.0772213491605 0
1.98333875811 -0.0785526860425 0
2.0545900734 -0.20221727609 1 [41, -5.998839435625735]
2.05303932037 0.424554975068 1 [41, -5.983756511746358]
1.93956211126 0.336898018661 1 [41, -5.96768267385711]
1.95021218342 -0.358131523445 1 [41, -5.949396166983726]
2.0505038566 0.252642199325 1 [41, -5.928497835132531]
2.10018226051 0.66250533587 2 [41, -5.905539743617771] [53, 0.10942922460426097]
1.92990320495 -0.31178128176 2 [41, -5.8790239130080835] [53, 0.11581269853610632]
1.92188947016 0.673382511373 2 [41, -5.849473267551479] [53, 0.1223898826753631]
2.07987699956 0.76957726068 3 [41, -5.814919773330249] [53, 0.130322629934164] [174, -0.21641321812035397]
1.92853909435 0.606050905872 3 [41, -5.77576669692015] [53, 0.13862433980220246] [174, -0.22801909263871156]
1.98271906468 0.0987797171028 4 [41, -5.729346603830912] [53, 0.14876201647247544] [79, -0.2283476140582783] [174, -0.24037155074123273]
1.98643060125 -0.315522174297 4 [41, -5.675777779293407] [53, 0.15958338357994073] [79, -0.24091208971744127] [174, -0.2547782112863741]
1.98460746012 0.329016493347 4 [41, -5.61138418358079] [53, 0.17301381639645186] [79, -0.2542970459853571] [174, -0.2703043319426497]
1.99841083399 -0.455861104131 4 [41, -5.535792285223077] [53, 0.18772654166911362] [79, -0.26996285987620183] [174, -0.2886091917073017]
2.05042634281 0.98447134076 4 [41, -5.444166762132515] [53, 0.20639264765233012] [79, -0.2868640187426337] [174, -0.30863569557776316]
1.97655315872 -0.0327670520426 4 [41, -5.335852292357329] [53, 0.2275736854274042] [79, -0.306871114854979] [174, -0.33255956523588814]
1.98529496632 -0.0761685996333 4 [41, -5.206120616026997] [53, -6.027884164403186] [79, -0.32878711668619953] [174, -0.3592174342376415]
1.9840341456 -0.0431182278445 4 [41, -5.054754588864714] [53, -5.990862629064224] [79, -0.3529215444987672] [174, -0.38915451660109124]
2.0213589093 0.764847716357 4 [41, -4.886647124844078] [53, -5.944931440936566] [79, -0.38212630796472524] [174, -0.42585577874964464]
1.94208879706 0.542274576581 6 [41, -4.7080308551312315] [53, -5.879989478535576] [79, -0.4149565670749702] [130, -0.5671786238282621] [174, -0.4681225987582822] [184, -1.0161950406245541]
1.94890062625 0.41820715072 6 [41, -4.530002834476038] [53, -5.791869812263072] [79, -0.45544372731809] [130, -0.5958505645873302] [174, -0.521094488955292] [184, -1.0608142516696466]
2.11147604707 -0.00326779192517 6 [41, -4.363144895779339] [53, -5.6581725776219765] [79, -0.5030199399551885] [130, -0.6267550211723574] [174, -0.5849743415506738] [184, -1.1075450462248444]
1.97381376509 -0.884571346055 6 [41, -4.212882687715742] [53, -5.4533812681542155] [79, -0.5628657138995896] [130, -0.66155674235661] [174, -0.6667342316764442] [184, -1.1570619254397778]
2.06682238162 -0.458586695241 7 [41, -4.084646352645234] [53, -5.120301570876132] [79, -0.6339834349345441] [130, -0.6987398212849891] [138, -0.09458139711205238] [174, -0.7667052331263449] [184, -1.2083402890796666]
2.04386925242 -0.654817930954 7 [41, -3.9742382421033655] [53, -4.662870471484966] [79, -0.7251749063688049] [130, -0.7407813570860284] [138, -0.10096255846714186] [174, -0.8958930705297421] [184, -1.2621548498115178]
2.04599036951 0.729813505943 7 [41, -3.88365948689209] [53, -4.220330839719722] [79, -0.8359774266935105] [130, -0.7857688323143037] [138, -0.10672419343467077] [174, -1.0542500339524699] [184, -1.3173970090650817]
1.97629425635 -0.448778074186 7 [41, -3.8050805199238353] [53, -3.907893982554082] [79, -0.9778139761148879] [130, -0.8367530721505219] [138, -0.1152245169034547] [174, -1.2492134536645647] [184, -1.3746235636196378]
2.05875466533 -0.506137330799 7 [41, -3.7413835151727546] [53, -3.718668215241222] [79, -1.147686335146079] [130, -0.8912163174254735] [138, -0.12292626405196216] [174, -1.468729248024034] [184, -1.43274035738537]
2.00157480487 1.52875162054 7 [41, -3.69083281062779] [53, -3.6061074381728524] [79, -1.3454419426965414] [130, -0.9490910749930155] [138, -0.1289670608638973] [174, -1.6990315991991585] [184, -1.4915607496194045]
1.95645093981 0.445318141108 7 [41, -3.6443017574506675] [53, -3.5225730959647312] [79, -1.5663770371838943] [130, -1.0146929582472186] [138, -0.1394270187904798] [174, -1.9166286584507546] [184, -1.5512812007999726]
2.01470386605 0.421861806719 7 [41, -3.608705916691874] [53, -3.4718433142778204] [79, -1.7892036855504632] [130, -1.083543510812441] [138, -0.1467912231664945] [174, -2.11005539761824] [184, -1.6111364214370765]
1.93033753698 -0.335053511366 7 [41, -3.572452157945698] [53, -3.42375093433927] [79, -1.989625675777825] [130, -1.1613543020337627] [138, -0.1624385735770355] [174, -2.2613349789756394] [184, -1.6705991395352768]
1.98898500679 0.203756459951 7 [41, -3.5489590474849644] [53, -3.401104101796471] [79, -2.1701892646095677] [130, -1.2403597229224248] [138, -0.16924749733688227] [174, -2.3949765199537323] [184, -1.730084638800915]
-0.00239201866931 0.571394499248 7 [41, -3.5489590474849644] [53, -3.401104101796471] [79, -2.1701892646095677] [130, -1.2403597229224248] [138, -0.16924749733688227] [174, -2.3949765199537323] [184, -1.730084638800915]
0.0987357571352 57.3069349981 7 [41, -2.5489590474864006] [53, -2.401104101797907] [79, -1.170189264611004] [130, -0.24035972292386099] [138, 0.8307525026616815] [174, -1.3949765199551685] [184, -0.7300846388023512]
0.0414063289087 56.9716906392 7 [41, -1.5489590474878376] [53, -1.4011041017993442] [79, -0.170189264612441] [130, 0.7596402770747019] [138, 1.8307525026602445] [174, -0.39497651995660554] [184, 0.26991536119621173]
-0.0180188892862 30.3549142494 7 [41, -1.037284323954212] [53, -0.8894293782657186] [79, 0.34148545892118465] [130, 1.2713150006083276] [138, 2.34242722619387] [174, 0.1166982035770201] [184, 0.7815900847298374]
1.99391784825 -0.695647631492 7 [41, -1.1001958856375729] [53, -0.9893770757541827] [79, 0.41866877532573854] [130, 1.3593973765259126] [138, 2.4067422571520196] [174, 0.13906663215833825] [184, 0.8252862733775088]
1.95422052633 -1.31057180575 7 [41, -1.1675612128285753] [53, -1.1047042497167778] [79, 0.5353192693233084] [130, 1.450869499152891] [138, 2.4634025792502565] [174, 0.17068231535797063] [184, 0.8725904134642293]
2.0272220618 0.282026120807 7 [41, -1.2393964241090898] [53, -1.2356779094973742] [79, 0.7230392840801501] [130, 1.5444240343553495] [138, 2.5142818276734302] [174, 0.2161377494738126] [184, 0.9232751074355607]
1.99424309327 -0.323980494914 7 [41, -1.3146263104810822] [53, -1.3785908191963308] [79, 1.0569005339738795] [130, 1.6388455721937345] [138, 2.55903223226402] [174, 0.3020456305012962] [184, 0.9784786031813302]
2.06084300008 -0.0380806228936 7 [41, -1.3926312995625616] [53, -1.5288627170685158] [79, 1.5892163628714333] [130, 1.7324077531270379] [138, 2.598500614029438] [174, 0.5141755981006084] [184, 1.0384231895297495]
1.97573878864 -0.0942127231406 7 [41, -1.4725465783775178] [53, -1.6804270463731767] [79, 2.118227968486496] [130, 1.8232318860116643] [138, 2.632811606415092] [174, 1.3342315521123385] [184, 1.103595969350263]
1.95178603685 -0.312217351395 7 [41, -1.5536628242975468] [53, -1.8270384896928074] [79, 2.447631581636712] [130, 1.9099793566428667] [138, 2.6632049490123264] [174, 2.488263044396621] [184, 1.1735259352349945]
2.12584385784 -0.302706187785 7 [41, -1.6348381151370994] [53, -1.9619189262467411] [79, 2.63917046929044] [130, 1.9925498073068995] [138, 2.6916326421041865] [174, -3.4666378133860327] [184, 1.2472182171603454]
2.07090718173 -0.182431576808 7 [41, -1.7148973521315423] [53, -2.0826990336116222] [79, -3.52874852635626] [130, 2.0696767720370777] [138, 2.7170886407980714] [174, -3.349351523091339] [184, 1.325129199534484]
2.01403056257 0.0594497196321 7 [41, -1.7929297404819189] [53, -2.1886790002387277] [79, -3.4539941973419572] [130, 2.1409850437122384] [138, 2.739942330855665] [174, -3.291549676963946] [184, 1.4065586279575872]
2.02159775352 -0.317736664922 7 [41, -1.8681757453661192] [53, -2.280623522414902] [79, -3.40244983296425] [130, 2.2063844081891264] [138, -3.522683157736813] [174, -3.257867543105323] [184, 1.4905426607308656]
1.9733214484 -0.00322397263381 6 [41, -1.9404841053611674] [53, -2.3612043183564557] [79, -3.367321669743645] [130, 2.2652772321777497] [174, -3.2389048597082426] [184, 1.5758930759393155]
1.99115334371 -1.1784340885 6 [41, -2.0080005235373557] [53, -2.428229030848907] [79, -3.33675582236694] [130, 2.3203672037968714] [174, -3.2208240255517495] [184, 1.6613156866140044]
2.03558318904 0.146219194757 6 [41, -2.0713796734710144] [53, -2.4861144729224636] [79, -3.3130999769255944] [130, 2.370408194035513] [174, -3.2077962623688547] [184, 1.7457761917301107]
2.05529206788 0.0929984247712 6 [41, -2.1306119866242064] [53, -2.5364320132380205] [79, -3.2944674214165413] [130, 2.4157577971045527] [174, -3.1982199386222647] [184, 1.8280259895620126]
1.99079754437 0.0468146596233 6 [41, -2.185820232628821] [53, -2.580527514995168] [79, -3.2796483091299313] [130, 2.4567752151732907] [174, -3.191170495488563] [184, 1.9069702006140203]
2.01248398364 0.413225573985 6 [41, -2.237232063516218] [53, -2.619544899611496] [79, -3.267860117895319] [130, 2.493792383211806] [174, -3.1861094583133305] [184, 1.981723364128667]
1.98375000751 1.57629065603 6 [41, -2.2862391195303977] [53, -2.6561519016437165] [79, -3.2607126661703085] [130, 2.5258195282468523] [174, -3.1850822869236626] [184, 2.050610615006718]
1.9961714731 -0.169015530289 6 [41, -2.3292431990339333] [53, -2.685099146231437] [79, -3.2503871554904116] [130, 2.557646955657584] [174, -3.1795927422031687] [184, 2.116825058943467]
1.98480238665 0.0200050768865 6 [41, -2.369186725346415] [53, -2.711274013500964] [79, -3.2419684705584917] [130, 2.58646600035255] [174, -3.175500122360101] [184, 2.178061049581983]
1.96469611479 -0.392935805215 5 [41, -2.4065360148808588] [53, -2.735365727562069] [79, -3.2354118859251306] [174, -3.1728551222269465] [184, 2.234124637826152]
2.01783699509 0.517912920083 5 [41, -2.4419663425982403] [53, -2.7582485419826073] [79, -3.231040216896666] [174, -3.1720819720567666] [184, 2.2846725488735076]
2.05182533512 -0.0224264574486 4 [53, -2.768433232570458] [79, -3.215847729258014] [174, -3.15917099540069] [184, 2.3391600237006576]
2.06254615517 0.628154903983 4 [53, -2.8038025765605643] [79, -3.232657907431102] [174, -3.180161801477058] [184, 2.362487853344408]
-0.0487458026974 57.5189568503 4 [53, -1.8038025765620005] [79, -2.232657907432538] [174, -2.1801618014784943] [184, 3.3624878533429716]
0.0965678002482 57.5856796329 4 [53, -0.803802576565183] [79, -1.2326579074357205] [174, -1.1801618014816768] [184, 4.36248785333979]
0.012683099993 4.61528501998 4 [53, -0.7150007966131663] [79, -1.143856127483704] [174, -1.0913600215296602] [184, 4.451289633291806]
1.97305890814 0.398010408633 5 [41, -0.4404824647091752] [53, -0.7495203207184842] [79, -1.1927638981651734] [174, -1.1426124600037382] [184, 4.39474680191706]
1.97612545926 -0.0877362170777 5 [41, -0.46277692637347445] [53, -0.7865770718971313] [79, -1.2435425465129661] [174, -1.1962503544003198] [184, 4.340107399268973]
1.99137732566 -0.201787626694 5 [41, -0.4869753850831603] [53, -0.8263767035641653] [79, -1.296067959069335] [174, -1.252164169577131] [184, 4.287518310309613]
1.96728359319 0.564349516788 5 [41, -0.5147169648901643] [53, -0.8701804618158917] [79, -1.3505242944771294] [174, -1.3106313246539085] [184, 4.2377449318979385]
1.9542620967 -0.0801608865263 5 [41, -0.5450766198011225] [53, -0.9171774257760661] [79, -1.4062307346769156] [174, -1.3708358813595019] [184, 4.190263100444951]
2.00527836117 -0.0237881252783 5 [41, -0.5784075594176301] [53, -0.9675433518431358] [79, 4.820254044975182] [174, -1.4324696739913707] [184, 4.145045471853614]
1.95692978338 -0.128614060195 5 [41, -0.6151190924858272] [53, -1.0214252222737266] [79, 4.762838851708687] [174, 4.788004463106912] [184, 4.1020261141022845]
2.07663357006 0.529458452523 4 [41, -0.6556845713068724] [53, -1.0789267484621874] [79, 4.705001181067072] [174, 4.724597343231169]
2.00319820022 0.568480929955 4 [41, -0.7029021603461847] [53, -1.141240987819621] [79, 4.647142823053959] [174, 4.660974238364672]
1.96872175052 0.862322339027 4 [41, -0.7554240849466927] [53, -1.2070395124186915] [79, 4.589675954081973] [174, 4.597725483463921]
1.93573768679 0.00663553376733 4 [41, -0.81394552216807] [53, -1.2761171602385748] [79, 4.532866597809854] [174, 4.535222035798057]
1.94547395228 0.539971764785 4 [41, -0.8821153852830745] [53, -1.3490037750370354] [79, 4.47756793701248] [174, 4.474480071524694]
1.96612126841 0.734609154717 4 [41, -0.9579178634067855] [53, -1.4240284010424005] [79, 4.423627525824526] [174, 4.4154091787256995]
2.08091857701 -0.391087781146 4 [41, -1.0418681305340034] [53, 4.782600738965654] [79, 4.371156285431817] [174, 4.358168657927037]
2.06948895189 0.0683517615448 4 [41, -1.134236110534966] [53, 4.705152427592549] [79, 4.320188400377171] [174, 4.302816225824371]
2.06886059858 -0.218266408667 4 [41, -1.234922874498052] [53, 4.627419980989957] [79, 4.270667439972972] [174, 4.249294046069279]
1.94422306444 0.502201565883 4 [41, -1.3462733215702156] [53, 4.550890761220005] [79, 4.224647733336606] [174, 4.199937738199533]
1.96977052581 -0.192901227789 4 [41, 4.82045777229553] [53, 4.475986190776747] [79, 4.1802286895836165] [174, 4.152569085573081]
1.92230998348 0.116668035529 3 [41, 4.700902465462617] [53, 4.402774554681955] [174, 4.106645960601949]
2.0576050744 -0.837388145123 3 [41, 4.583592850671295] [53, 4.337140130796711] [174, 4.068527575089565]
1.9823183298 0.16829577983 2 [41, 4.47281620192515] [53, 4.275831303281277]