436
0.132452566745 -0.77152334885 1 [23, 5.477381813095601]
0.0190166127602 17.3402404446 1 [23, -0.5130904188535377]
1.8394545269 -0.170922016732 1 [23, -0.5429100522950154]
2.04551679496 0.45336267085 1 [23, -0.5761349334149326]
1.83856176765 0.326971501529 1 [23, -0.6129072084491218]
1.87639656869 0.15767532241 2 [23, -0.6541318550082265] [108, -5.721222285119354]
2.00774692311 0.562121029424 2 [23, -0.7000746988755271] [108, -5.692338135344653]
2.10910618247 0.799536748611 2 [23, -0.7518270890528678] [108, -5.660871218715079]
1.84194388992 0.70564146195 2 [23, -0.8098953104502504] [108, -5.626284566428608]
1.98753239985 0.726127962737 2 [23, -0.8753643275717256] [108, -5.588436601442396]
2.01773634925 0.187608619339 2 [23, -0.9489948479045225] [108, -5.54693953532926]
2.02798925616 1.81074266258 2 [23, -1.031005496483031] [108, -5.501025252595396]
2.00557943317 0.642399974931 2 [23, -1.1220799456429296] [108, -5.450585926720088]
2.02639031008 -0.148486482931 2 [23, -1.2216661997205742] [108, -5.394824405991405]
1.97275473418 -0.682659645271 2 [23, -1.3291506407992157] [108, -5.333675879876989]
2.08478477619 0.625011971971 2 [23, -1.4426530379849556] [108, -5.26679369441343]
1.99735145927 -0.80560760457 2 [23, -1.559456760366042] [108, -5.1936475645675335]
1.85361500779 -0.496382199056 2 [23, -1.6765597604336326] [108, -5.114588785914215]
2.08349541721 1.57095901642 2 [23, -1.7908996989787935] [108, -5.029671126261339]
2.01286537798 -0.308333843623 3 [23, -1.8996503384134815] [108, -4.93986726899128] [135, -1.3904442877575311]
2.18075681243 -1.42921466402 3 [23, -2.0010120441516355] [108, -4.846139555118208] [135, -1.440188449613335]
1.87736278822 -0.0645815311347 4 [23, -2.0936471746710295] [40, 0.052922421630625216] [108, -4.750043684382087] [135, -1.4906145486756008]
1.99832321163 -1.25789991764 4 [23, -2.1771544403148737] [40, 0.05547224912078974] [108, -4.653207159882705] [135, -1.5414503246392943]
1.94960252391 -0.79586456625 4 [23, -2.2522278069351906] [40, 0.05859209847348268] [108, -4.557455288857487] [135, -1.5924201408648644]
1.92849152698 -0.596287136038 4 [23, -2.318965797538201] [40, 0.06187383431214144] [108, -4.464404342519255] [135, -1.6432672844202862]
2.14369936425 -0.836246298833 5 [23, -2.3786304293022473] [28, -5.4627993543842415] [40, 0.06590273452305606] [108, -4.375640955569425] [135, -1.693759978332702]
1.94647401676 -1.54003435309 5 [23, -2.4314997990140124] [28, -5.424399211922684] [40, 0.07022998449257134] [108, -4.291965891818058] [135, -1.7436116333857363]
1.89182887921 1.65590080591 4 [23, -2.478888948786266] [28, -5.383078177812253] [40, 0.07557827016123575] [108, -4.214314336083784]
1.97445417176 -0.164705034651 4 [23, -2.5209849918388394] [28, -5.339008680252985] [40, 0.08146601916865048] [108, -4.142594241216384]
1.96639636761 -1.0983368444 4 [23, -2.5584441564305838] [28, -5.292065253352239] [40, 0.08801438258159067] [108, -4.076731139546032]
1.93885458404 1.01132693851 4 [23, -2.592371059378169] [28, -5.241847170251714] [40, 0.09629540092866495] [108, -4.01694266715787]
2.02621185003 -0.664319606426 4 [23, -2.6227301366569797] [28, -5.188629476792305] [40, 0.10583484980519398] [108, -3.9624085135485627]
2.03902951209 0.462926097184 4 [23, -2.650315492044698] [28, -5.1322336105519435] [40, 0.11783604742887821] [108, -3.913038298443825]
1.98924675722 -0.0878858102278 4 [23, -2.6751373963262215] [28, -5.072961717553196] [40, 0.13231412149518818] [108, -3.868031563063334]
2.02082448202 0.186735259773 4 [23, -2.698013705268814] [28, -5.010774500054092] [40, 0.15182392004008882] [108, -3.8274513951625644]
2.0500486246 0.884934595412 3 [28, -4.946221312424089] [40, 0.17706808227319204] [108, -3.790358935250215]
1.95073476967 0.282122483102 3 [28, -4.87967369079965] [40, 0.21136149844221297] [108, -3.756364402497253]
2.06451179028 0.512816187653 3 [28, -4.811506380346017] [40, 0.26395757100446726] [108, -3.725634737405049]
1.97029194155 0.182282928686 3 [28, -4.74243485077745] [40, -5.935099975764804] [108, -3.6973273388894854]
1.99225562799 -1.56979691614 2 [28, -4.673072763584277] [40, -5.774848019799997]
2.06502104046 -0.0424760093666 2 [28, -4.604095715370988] [40, -5.414730348538119]
1.96096264343 0.248269866237 3 [28, -4.536075679563558] [40, -4.61009786699484] [147, 0.01543745807602015]
2.01290675043 -0.388069649084 3 [28, -4.4697429534316715] [40, -3.9011746821453865] [147, 0.016395372590133128]
1.90928159591 -1.33461786029 3 [28, -4.405433137626314] [40, -3.6035148567007207] [147, 0.017161908617459254]
1.93491560417 0.396323815882 3 [28, -4.343713883173484] [40, -3.467660405183218] [147, 0.018263294982594047]
1.97646999802 -1.06204996139 3 [28, -4.284665382877307] [40, -3.3910981642420612] [147, 0.01914893187973732]
1.91716946037 1.4259970783 3 [28, -4.228850061643918] [40, -3.344595197129228] [147, 0.02073944445415421]
2.03036483845 1.47752530827 3 [28, -4.175974995597991] [40, -3.31185866027633] [147, 0.022134683253127285]
1.87936472443 -0.758201384197 3 [28, -4.126015351515863] [40, -3.2872274511118684] [147, 0.02325622386701376]
2.06112629888 2.12150129573 3 [28, -4.0794326241940695] [40, -3.269718208690811] [147, 0.025368510137917966]
1.96105313976 0.290856192548 3 [28, -4.035614188849955] [40, -3.255275008048569] [147, 0.027257391612694803]
2.07252574018 -0.768068755442 3 [28, -3.995010111871231] [40, -3.2446772917696687] [147, 0.030572907554294204]
2.0515733673 0.464271282294 4 [28, -3.9568760477728704] [40, -3.235341725824383] [147, 0.03384259115574828] [167, -0.5337639382749071]
2.04044954623 -0.110042182417 4 [21, -0.049943419930277955] [40, -3.2284728108177325] [147, 0.03936610307052568] [167, -0.5606847047751149]
2.04423342235 0.228059009218 4 [21, -0.0525173522506277] [40, -3.2220809589588386] [147, 0.045406220950579446] [167, -0.5905434109001177]
2.01301792042 0.615706491905 7 [4, -1.2633137760412154] [21, -0.05620580737515635] [40, -3.215588740712293] [99, 0.11688200891390199] [128, -0.262946908530326] [147, 0.05108998602410875] [167, -0.6240198230734402]
2.04389238276 1.23134097187 7 [4, -1.3118236737742972] [21, -0.05959008770101981] [40, -3.2107646031734483] [99, 0.12319721262218675] [128, -0.27672505052649043] [147, 0.061542806619010904] [167, -0.6602341859486804]
1.89418467406 0.510505539877 7 [4, -1.361709996202329] [21, -0.06399083143919171] [40, -3.20598926328446] [99, 0.12972506384225113] [128, -0.2924638713868726] [147, 0.07502419078882738] [167, -0.700619641657509]
1.90406400963 0.501901578522 7 [4, -1.4125192032465197] [21, -0.06804605577808243] [40, -3.202571543539584] [99, 0.1378534561435183] [128, -0.30920632042830576] [147, 0.10215664789913959] [167, -0.7445113269861325]
1.89352494992 -0.282526354372 7 [4, -1.4642505614636914] [21, -0.07341941287236331] [40, -3.199005882880825] [99, 0.14640848918871985] [128, -0.3285193448294468] [147, 0.15173438844698417] [167, -0.7935631714008755]
2.03981213364 1.00847483041 7 [4, -1.5164919830720844] [21, -0.07840594466066086] [40, -3.196622999746869] [99, 0.15716761501354437] [128, -0.3492919049573713] [147, -5.969440888490393] [167, -0.847023573045834]
1.95984092668 -0.706155982124 6 [4, -1.5691014437941586] [21, -0.08517146497080041] [99, 0.16873888459966668] [128, -0.3735359385924468] [147, -4.585425417525382] [167, -0.9067140095996047]
1.9403797447 -0.518204583793 6 [4, -1.621694791462855] [21, -0.09436110717909152] [99, 0.18120264842764655] [128, -0.40203640896683] [147, -3.4249916134316627] [167, -0.9731152476485434]
1.99184800879 -1.15508203533 6 [4, -1.6740524051523353] [21, -0.10355223827406412] [99, 0.1973096154400178] [128, -0.4334452719916557] [147, -3.2929202291379] [167, -1.045143311292164]
2.04570795983 -1.71391141686 6 [4, -1.7257907542929471] [21, -0.11645771262093785] [99, 0.2151875100331866] [128, -0.47092432123516037] [147, -3.2420505081573325] [167, -1.1243711403868826]
1.96472923035 -1.20910974625 6 [4, -1.7769034174086498] [21, -0.12992434604801595] [99, 0.2388146627726444] [128, -0.5129710653177497] [147, -3.221477012207811] [167, -1.2092654557222478]
2.14718923901 -1.12198658197 7 [4, -1.826858654963086] [21, -0.14979739266451997] [43, -5.644458485537053] [99, 0.2660871022410589] [128, -0.5640164823348321] [147, -3.20621380680592] [167, -1.3006759182239414]
1.97647703457 0.995777557867 7 [4, -1.8750989744910864] [21, -0.18226294211160887] [43, -5.614429003505176] [99, -5.986681177798561] [128, -0.6276238759953365] [147, -3.1911711665219857] [167, -1.3974682977976567]
2.03599471267 1.03087914646 6 [21, -0.2235385426606129] [43, -5.580718747374219] [99, -5.944211712674495] [128, -0.7014793330274758] [147, -3.183959185082607] [167, -1.496952916618067]
1.95180944717 0.925388936425 6 [21, -0.29376442300249916] [43, -5.544954722208933] [99, -5.891424293798098] [128, -0.7928596233438148] [147, -3.1759917051864144] [167, -1.5978132403855207]
1.95485209656 0.592845560108 6 [21, -0.40518152977837474] [43, -5.5046355641024585] [99, -5.813208517419013] [128, -0.9002134540700926] [147, -3.1733130310938296] [167, -1.6981163756249602]
2.0158319238 -0.505391704413 6 [21, -0.6540117449980736] [43, -5.461844346010483] [99, -5.7065306000399145] [128, -1.0321319368114041] [147, -3.1687208640353384] [167, -1.795568665288739]
1.99935686908 1.56364043447 8 [12, -0.47483333612208867] [21, -1.2605809856390682] [39, -5.889687450289572] [43, -5.4134425004869735] [99, -5.5361935789475565] [128, -1.18462772754775] [147, -3.1688937632359697] [167, -1.8898866549003346]
2.06545307513 -0.568058030662 8 [12, -0.49948047785713534] [21, -2.1826560121198564] [39, -5.869241395566948] [43, -5.362210846375349] [99, -5.283157593770862] [128, -1.3618486379984702] [147, -3.1665226578727097] [167, -1.9781098915783053]
2.06378370551 -0.304108530773 8 [12, -0.528797513933589] [21, -2.594651904308548] [39, -5.849086197148095] [43, -5.308532486066607] [99, -4.917896841224653] [128, -1.5531393658317088] [147, -3.1609550439491683] [167, -2.0580553738625156]
2.0143044714 0.178697903603 8 [12, -0.5571918847540802] [21, -2.7859661627786485] [39, -5.822614201240113] [43, -5.247255945109223] [99, -4.480512760849874] [128, -1.744913010221488] [147, -3.161644151537264] [167, -2.134624086429152]
1.96098251065 -0.322903332471 9 [12, -0.5925951162777565] [21, -2.865188078794534] [39, -5.797485085967172] [43, -5.184190588153891] [99, -4.106843695980484] [128, -1.9216806914764142] [147, -3.1571398457966304] [164, -0.7372888907394133] [167, -2.2010994007527747]
2.15429267024 -0.766874256812 9 [12, -0.6195954728595465] [21, -2.956368340393191] [39, -5.757280536326895] [43, -5.110590692433403] [99, -3.8996654560009816] [128, -2.091831765513552] [147, -3.1667967583371315] [164, -0.7656511564818649] [167, -2.2711799365492973]
-0.0115033102186 -0.112472605508 9 [12, -0.6195954728595465] [21, -2.956368340393191] [39, -5.757280536326895] [43, -5.110590692433403] [99, -3.8996654560009816] [128, -2.091831765513552] [147, -3.1667967583371315] [164, -0.7656511564818649] [167, -2.2711799365492973]
0.00795152143509 57.847561927 9 [12, 0.3804045271390164] [21, -1.956368340394628] [39, -4.757280536328332] [43, -4.11059069243484] [99, -2.8996654560024187] [128, -1.0918317655149892] [147, -2.1667967583385686] [164, 0.23434884351669805] [167, -1.2711799365507344]
0.0589487059423 56.2411166426 9 [12, 1.3804045271375798] [21, -0.9563683403960646] [39, -3.7572805363297683] [43, -3.1105906924362765] [99, -1.8996654560038553] [128, -0.0918317655164258] [147, -1.1667967583400052] [164, 1.2343488435152614] [167, -0.271179936552171]
0.1042306425 38.9657644894 9 [12, 2.0884895862776967] [21, -0.24828328125594767] [39, -3.0491954771896514] [43, -2.40250563329616] [99, -1.1915803968637384] [128, 0.6162532936236911] [147, -0.4587116991998883] [164, 1.9424339026553783] [167, 0.4369051225879459]
1.96852365564 0.691396877659 9 [12, 2.1439401187218072] [21, -0.31317961030832864] [39, -3.0548966214649633] [43, -2.451536831858096] [99, -1.482914062199236] [128, 0.7314718754427627] [147, -0.4879697698627803] [164, 1.9907134221616243] [167, 0.47246448722315115]
2.07584082807 -0.422515701344 9 [12, 2.195810834281761] [21, -0.4223875752845605] [39, -3.0597416399567354] [43, -2.4951800838324907] [99, -1.789303151512241] [128, 0.8856803057550229] [147, -0.5210558899842099] [164, 2.0370752912855306] [167, 0.5135030060599055]
1.92874053966 -0.688713607179 8 [12, 2.243885023083859] [21, -0.629273376141013] [39, -3.064367966269614] [43, -2.534577398024613] [99, -2.060111796080783] [128, 1.0922847576099084] [147, -0.5580532602473203] [167, 0.5620656897433056]
2.12896113341 -1.3080270725 8 [12, 2.2885658586349766] [21, -1.0925956194589106] [39, -3.068454521845892] [43, -2.569921219813792] [99, -2.271284185670026] [128, 1.3535093613901514] [147, -0.6001267695565033] [167, 0.6193203610236293]
1.99170588456 0.169250294858 7 [12, 2.3300950741353414] [21, -1.896810247163953] [43, -2.6016589146052844] [99, -2.4271994714465204] [128, 1.6476582658392607] [147, -0.648269150158689] [167, 0.6872718267458362]
1.89433881045 1.11011895195 8 [4, 0.566763606493486] [12, 2.3686879678773973] [21, -2.442911899800643] [43, -2.6302343661684686] [99, -2.5416453015415286] [128, 1.9297960257628253] [147, -0.703562625738535] [167, 0.76849275896799]
2.00615268465 -0.803980519572 8 [4, 0.5957204125405551] [12, 2.40424170944578] [21, -2.6874109909268054] [43, -2.656434416734703] [99, -2.628108829658323] [128, 2.1631139610431456] [147, -0.7666403344513548] [167, 0.8667551303911285]
1.94951135971 0.346454907859 7 [4, 0.6272554194480691] [21, -2.809937373575428] [43, -2.680169496509331] [99, -2.6941110317441592] [128, 2.3413898026224427] [147, -0.8394338077546495] [167, 0.9842848230156003]
2.17609744685 -1.56030860787 6 [4, 0.6616772380822713] [21, -2.8810928144195427] [99, -2.74561664356834] [128, 2.4744447861239403] [147, -0.9233137495098713] [167, 1.1232428373461154]
1.96882567267 -1.53407958344 6 [4, 0.6997549898463218] [21, -2.9284785455884146] [99, -2.7875372163213035] [128, 2.5732648714214887] [147, -1.0188728276661565] [167, 1.2838795340135034]
1.99741032199 -0.222457149519 6 [4, 0.7414637477450814] [21, -2.9612494162370364] [99, -2.821554185064831] [128, 2.64892818891944] [147, -1.1273968862716264] [167, 1.4608408815811877]
2.04779377095 -2.30247313527 6 [4, 0.7872103722109536] [21, -2.9850655553311354] [99, -2.8495794417283626] [128, 2.708221780393635] [147, -1.2484982618679878] [167, 1.6448499783811599]
2.22993789298 1.38565035441 6 [4, 0.8374232313290584] [21, -3.0030125316738454] [99, -2.872970557550591] [128, 2.7557380562909994] [147, -1.3802230419261972] [167, 1.8242117655406878]
1.98874106715 0.27505287316 6 [4, 0.8929906865388073] [21, -3.0179239836813205] [99, -2.89342871336192] [128, 2.7936728805240723] [147, -1.518754625747753] [167, 1.988210590876383]
2.03217184288 -0.455253413435 6 [4, 0.953850269893894] [21, -3.0297463880316933] [99, -2.9108843480898323] [128, 2.8252367701835075] [147, -1.6593884386546998] [167, 2.1316053462281]
2.06660287757 -1.18334972247 6 [4, 1.020325970686569] [21, -3.039269404413955] [99, -2.92589889168179] [128, 2.8519274631063913] [147, -1.7965393273537484] [167, 2.2534661285480695]
1.98035144314 -1.03442244301 6 [4, 1.0930208173869964] [21, -3.047857389159576] [99, -2.939532424231497] [128, 2.8740389628649323] [147, -1.9258546459384873] [167, 2.354650057769158]
1.89268544868 -0.831824456628 6 [4, 1.1714486279014045] [21, -3.0549601961905317] [99, -2.951431848772234] [128, 2.8932335317314175] [147, -2.0438942702257608] [167, 2.439015331272918]
1.97434457259 0.0151335044807 6 [4, 1.2553066034477292] [21, -3.0608753338735584] [99, -2.961869281655048] [128, 2.9100871472232495] [147, -2.1491136352802576] [167, 2.509604751917216]
1.91026278047 1.65761945116 6 [4, 1.3439606206175005] [21, -3.0658235058719625] [99, -2.9710617673358364] [128, 2.9250380252168764] [147, -2.24141783476416] [167, 2.5690824895995403]
1.92052597983 -0.089934490035 7 [4, 1.4365646063743798] [21, -3.0706551461005085] [40, -0.9628752525687698] [99, -2.979740722923066] [128, 2.93776098534273] [147, -2.3224277081416576] [167, 2.6187365167077825]
2.03591638856 -1.89013102551 6 [4, 1.5314574970244523] [21, -3.074751874486954] [40, -1.0056756357270742] [128, 2.949243483106028] [147, -2.392646575253491] [167, 2.6612839213856514]
1.9959431089 0.104255378283 6 [4, 1.627069989228616] [21, -3.0782245605175107] [40, -1.0510225784328355] [128, 2.9596882829333158] [147, -2.4534392206102797] [167, 2.6980919958141394]
2.05795561888 -0.0812834160246 6 [4, 1.7217647293489726] [21, -3.0811608581258225] [40, -1.09891967111564] [128, 2.9692586733394277] [147, -2.506132990011789] [167, 2.7302300889100257]
2.08912407275 -0.039749352876 4 [4, 1.8137300411924873] [40, -1.1490363486699215] [147, -2.55273504685577] [167, 2.757743541954918]
2.02268745826 -0.335578534022 4 [4, 1.9017608402983477] [40, -1.2016008786387276] [147, -2.5934378209309212] [167, 2.782153819867694]
1.89388926732 0.141848896356 4 [4, 1.9849291979008532] [40, -1.2564515794865274] [147, -2.629118997356957] [167, 2.8039814634653375]
1.93239558852 0.0237578748681 4 [4, 2.0621333355289115] [40, -1.3131501488839852] [147, -2.6612919468963954] [167, 2.8229062071731628]
1.86694228855 -0.0334180677872 4 [4, 2.13355861462899] [40, -1.3716730618109476] [147, -2.68975542944743] [167, 2.8400543725166054]
2.04609634317 -3.25725345344 4 [4, 2.1992596405786893] [40, -1.4316501468574319] [147, -2.7150250171997024] [167, 2.855694879956504]
2.11788846776 -0.438656398432 3 [4, 2.259472292259768] [40, -1.4926460388269682] [147, -2.737531382759334]
1.91430385659 0.70804570228 3 [4, 2.3138300787440826] [40, -1.5541639685987525] [147, -2.75837050892167]
2.04174535923 0.500369590804 3 [4, 2.363433659461231] [40, -1.6158205839308861] [147, -2.777071718815871]
1.95578181916 0.166943074955 2 [4, 2.4087311360031425] [40, -1.6770978665077299]
2.03875243126 0.171472271462 2 [4, 2.449379686835587] [40, -1.7376612211989517]
1.81708689991 0.892622917645 2 [4, 2.4865757887681914] [40, -1.7969967357144259]
2.08555310055 -1.33027755144 2 [4, 2.520707107125493] [40, -1.8546827895523337]
1.84112933709 -0.195636236179 2 [4, 2.552123559738714] [40, -1.910361697160201]
2.01812351469 -0.804424197453 3 [4, 2.580311487825047] [40, -1.9641711504859627] [135, -0.27093057567736656]
2.00384931916 -0.0931631985924 2 [40, -2.0155782220626928] [135, -0.2856025517290002]
2.12941043335 0.846123821034 2 [40, -2.0644249341490317] [135, -0.3022230510069006]
2.04408348092 0.53130279 2 [40, -2.1112101898722306] [135, -0.3198879701324677]
2.02377148015 -0.134479575067 2 [40, -2.1553824164145587] [135, -0.34010062094484983]
1.97883928971 0.748189187428 1 [135, -0.3633693986815918]
2.00320075198 -0.898265424622 1 [135, -0.3903304056529784]
1.99074859229 0.484819606516 1 [135, -0.4198858020540386]
1.95889649791 0.986527122586 1 [135, -0.4546212395037168]
1.98906903663 0.0500700880434 1 [135, -0.49577319753407156]
2.00189429959 1.12283667055 1 [135, -0.5422245207646577]
2.01776584807 0.760198154132 2 [23, -1.1156730146252918] [135, -0.5982191835269548]
2.10072311949 -0.60731754845 3 [1, 0.00410585251018647] [23, -1.161703178341682] [135, -0.6662550791771062]
1.90350000812 -1.13977482745 4 [1, 0.003359791834993242] [23, -1.2098173130436956] [95, 1.291200146521584] [135, -0.7493816939822691]
2.02810845466 1.0888089002 4 [1, 0.004188599378898594] [23, -1.2591784319286972] [95, 1.3404180827958667] [135, -0.8470094853796994]
1.93552571821 -1.62760404476 4 [1, 0.004763867642355368] [23, -1.3103064522181815] [95, 1.3906877125355503] [135, -0.9659922085771875]
1.99784556301 1.3551149486 4 [1, 0.004548041316854157] [23, -1.3630460828045794] [95, 1.4417751877478056] [135, -1.1095835970934393]
2.00391836108 -1.0339835415 4 [1, 0.0069501064074422025] [23, -1.4165892601613441] [95, 1.4937244890358077] [135, -1.2741651139543961]
1.90927826321 0.548742258883 4 [1, 0.008690609530525695] [23, -1.4713154328856182] [95, 1.5459271846069482] [135, -1.4595347899098114]
1.78461411274 -2.26164874061 4 [1, 0.00930071270283328] [23, -1.526797896772584] [95, 1.5982079555240043] [135, -1.6537960610583498]
2.0149014922 1.50003058861 4 [1, 0.007984598466283632] [23, -1.5825139093408733] [95, 1.6504264304279772] [135, -1.8407513519390677]
2.09794116214 0.780522079071 4 [1, 0.012687383695524357] [23, -1.6382213946099955] [95, 1.7018721419589156] [135, -2.01367134663377]
1.98041738935 -1.91959193821 4 [1, 0.01577270543530984] [23, -1.6936374989134462] [95, 1.752678875730818] [135, -2.1624543264188167]
2.03340028032 -0.406828615297 4 [1, 0.01475586133494211] [23, -1.7480013382284625] [95, 1.8029381325573954] [135, -2.2833242328852417]
2.18876494038 -1.14676780404 4 [1, 0.002757673126956295] [23, -1.7999324108722798] [95, 1.8530229079010185] [135, -2.3743790477459608]
2.02552666008 -0.109903447044 3 [1, 0.0249200356669963] [23, -1.8534480106377464] [135, -2.47086525063093]
0.0384732698987 57.8165844149 3 [1, 1.0249200356655592] [23, -0.8534480106391835] [135, -1.4708652506323674]
0.0730410030639 56.5176782977 3 [1, 2.024920035671104] [23, 0.14655198936636116] [135, -0.4708652506268227]
0.0485372144679 19.0072441398 3 [1, 2.372586384387971] [23, 0.49421833808322824] [135, -0.12319890190995564]
1.86100423206 -1.02030447121 3 [1, 2.4692181017206645] [23, 0.5209478787845104] [135, -0.14028835261873762]
2.03507082106 0.467813013241 3 [1, 2.546507033377879] [23, 0.5506685966283663] [135, -0.16205691476343376]
2.06173384813 -0.317389276572 3 [1, 2.609580444265279] [23, 0.5833986584909908] [135, -0.1925645693089335]
1.95945115981 -0.39020710251 3 [1, 2.6610122444008204] [23, 0.6199871405595164] [135, -0.2360138270156107]
1.98950769074 -0.10158645882 3 [1, 2.704316806330258] [23, 0.6603778561800616] [135, -0.30694211852263353]
1.91612309063 -0.174097857285 3 [1, 2.7410609424458965] [23, 0.705269947160193] [135, -0.4368363300661894]
2.09736814738 0.602127227528 3 [1, 2.7719705984476946] [23, 0.7557757587845472] [135, -0.7214097049720396]
1.85463590787 2.11542435402 3 [1, 2.798791651911089] [23, 0.8121065997369349] [135, 4.83431797337927]
1.83312213621 0.20102667851 3 [1, 2.8217006678376184] [23, 0.8754705026263655] [135, 3.979397199059996]
1.98519562313 -0.926455720522 3 [1, 2.841366098291822] [23, 0.9465238901301901] [135, 3.6151107436995304]
1.99157581045 -0.0180045946262 3 [1, 2.8596742658379606] [23, 1.024601643681056] [135, 3.4651007986458144]
1.93550452715 -0.0875139288397 3 [1, 2.8755831007558763] [23, 1.1111864175204142] [135, 3.3845214656751357]
1.98736922054 0.0162344465038 3 [1, 2.889995133493001] [23, 1.2056413978448135] [135, 3.336047489906314]
1.93453828497 -0.91834428091 3 [1, 2.902597215698097] [23, 1.3076083027357956] [135, 3.302375944248493]
2.13165326237 -0.0552932127587 2 [23, 1.4154177816618985] [135, 3.277184706855999]
1.98884763091 -0.792527469878 2 [23, 1.5265166963926982] [135, 3.2606968181723652]
1.89538360228 0.0669095160958 2 [23, 1.6387677581932203] [135, 3.247020358774489]
1.9821609245 -0.479264537025 3 [23, 1.7493411265210614] [40, -0.6196031579201163] [135, 3.236521207261488]
2.11764721177 0.441303315054 4 [23, 1.855451798498215] [40, -0.6506185523794705] [108, 0.5455321888454024] [135, 3.2271635129599887]
2.07525312295 0.0588497291832 4 [23, 1.9548436364654473] [40, -0.6840190728812472] [108, 0.5736896380599291] [135, 3.2185885101484932]
2.16048462912 -0.0730068650664 4 [23, 2.047642941420985] [40, -0.7215818522800856] [108, 0.6033395436843593] [135, 3.213193490062491]
1.97377277974 -0.0764434611911 4 [23, 2.1319944306275076] [40, -0.7621705189793095] [108, 0.6362726210341679] [135, 3.207889307167705]
1.93127669937 1.10892115135 4 [23, 2.208536037902292] [40, -0.8067957505496856] [108, 0.672146985953595] [135, 3.2036680735060554]
1.86563876888 0.673592978295 4 [23, 2.276743368017614] [40, -0.8550842855093211] [108, 0.7121182847293438] [135, 3.1993019164762964]
1.94862342334 -1.85374675773 4 [23, 2.3370662357899867] [40, -0.9073308600734356] [108, 0.7566836553382513] [135, 3.194731445790801]
2.10407409426 -0.958461769081 5 [23, 2.392667564749298] [28, -0.22134886505071505] [40, 5.31742488197976] [108, 0.8041641245230343] [135, 3.1924369878314436]
2.11218072954 0.0464607574701 5 [23, 2.441774050764181] [28, -0.23287604227651415] [40, 5.254494896739614] [108, 0.8571538393871297] [135, 3.189725174917586]
1.89667239345 0.085825091464 5 [23, 2.486166535784054] [28, -0.2460612111048881] [40, 5.186128094551435] [108, 0.9151222107123004] [135, 3.1876727852665057]
2.0730530423 0.704515249177 4 [23, 2.52524988229391] [28, -0.2599091983166112] [40, 5.113186625558997] [108, 0.9795152160195116]
2.25264505685 0.205930538041 4 [23, 2.559485671599297] [28, -0.2743692569680031] [40, 5.0358378579154905] [108, 1.0506009037887503]
1.96929620651 -0.877553013591 4 [23, 2.5926423679829087] [28, -0.2936164686693491] [40, 4.952925203523132] [108, 1.1258493088502282]
2.00960161863 -0.535795822413 4 [23, 2.6218262683660365] [28, -0.31423487943967654] [40, 4.867067028267388] [108, 1.2078556649946814]
2.04190706612 -0.83001127734 4 [23, 2.6489095971608876] [28, -0.3386976065309063] [40, 4.778842462890772] [108, 1.295024153119741]
1.97972458684 1.97815938134 4 [23, 2.6725454633895103] [28, -0.36512467414976857] [40, 4.68976857842572] [108, 1.3874080735790262]
1.8688903358 -0.328334737044 3 [28, -0.3933431737664185] [40, 4.600689142261849] [108, 1.4831159920664132]
2.01992784449 -0.188362281716 3 [28, -0.4341561702279533] [40, 4.514290873895627] [108, 1.5797639907609584]
1.92866115679 -0.212325917355 3 [28, -0.4795732283165786] [40, 4.430630888146555] [108, 1.676913664063811]
2.03722064992 1.49622428944 3 [28, -0.528723860280864] [40, 4.349485909721546] [108, 1.7712920344749037]
2.02999111557 -0.71009982763 3 [28, -0.5923295073684497] [40, 4.273553182063385] [108, 1.8624259038237452]
2.10906609794 0.319388066707 3 [28, -0.6540936864842632] [40, 4.1978977376227835] [108, 1.9431526058039714]
-0.0212013893694 -0.748304989605 3 [28, -0.6540936864842632] [40, 4.1978977376227835] [108, 1.9431526058039714]
0.0104785620893 57.3556379509 3 [28, -5.937278993658305] [40, -1.0852875695512587] [108, -3.3400327013700704]
-0.0113694853236 56.1394743913 3 [28, -4.955996971617527] [40, -0.10400554751048041] [108, -2.358750679329292]
2.02010288355 0.411418623741 3 [28, -4.812223440953266] [40, -0.11288987544561913] [108, -2.4178329439424084]
1.95724868324 0.417621257097 3 [28, -4.664207811245629] [40, -0.12354721217261311] [108, -2.4698724774176046]
2.07458460615 -0.0781577500317 3 [28, -4.5182258577120935] [40, -0.13630766139553607] [108, -2.515923256347776]
1.97890193441 -0.15497325294 3 [28, -4.380084642742046] [40, -0.1520023781292732] [108, -2.55674829578488]
1.99047065436 -0.871400011937 3 [28, -4.253857590769072] [40, -0.17174955322604468] [108, -2.5930700886550975]
2.07772358098 0.823209627065 3 [28, -4.141574872804533] [40, -0.19715614474640297] [108, -2.6255666790040193]
2.0854041876 0.768829233657 3 [28, -4.043366443924233] [40, -0.23125347620395242] [108, -2.6547063153453054]
2.00627532662 -0.0195483245095 3 [28, -3.9582909533393376] [40, -0.279241960490074] [108, -2.6809381503484597]
1.89175278379 0.0381311911785 3 [28, -3.8848768436967265] [40, -0.35127621381035024] [108, -2.7046428799908298]
1.92852044157 -1.08551921933 3 [28, -3.821596109796685] [40, -0.46922751286055675] [108, -2.726193231503809]
1.99700509743 0.138138867485 2 [28, -3.766842803724961] [40, -0.6880782915660957]
2.00965146841 -1.37918585271 3 [28, -3.7192660621026157] [40, -1.1387379726231286] [147, 0.6458323902226901]
2.0429748309 -0.352219373707 3 [28, -3.677714638179834] [40, -1.85571732847289] [147, 0.6775736844264104]
2.046373574 -0.897722946698 3 [28, -3.6412949296893373] [40, -2.3786661405264677] [147, 0.7120736252815059]
2.02441543612 -0.17850671343 3 [28, -3.6091382052004013] [40, -2.634031460625363] [147, 0.7495608989560347]
1.99281945589 0.317689391032 3 [28, -3.5805898285252136] [40, -2.767672092386178] [147, 0.7903239798509842]
2.02957952284 0.0649128217139 3 [28, -3.5551109363494033] [40, -2.8471050920258882] [147, 0.834660646285414]
1.96699676327 0.0456147460194 3 [28, -3.5323150269767387] [40, -2.899304318991939] [147, 0.8829131050499024]
1.9220751472 0.798711722575 3 [28, -3.511771488102492] [40, -2.935932196833399] [147, 0.935311942151495]
1.98140805421 0.450731536854 3 [28, -3.493174725750806] [40, -2.9629686483299436] [147, 0.9920931593356528]
2.03285185782 -0.564256729794 2 [40, -2.98383438662091] [147, -5.229723164337582]
2.13424481041 0.215951156276 3 [4, -0.11323293967458792] [40, -3.0003221335687407] [147, -5.163757831558499]
1.95065249835 -0.249408316384 4 [4, -0.11952040791219165] [40, -3.0136634633137818] [147, -5.093292725634065] [167, 0.510895109396766]
1.9670812932 -0.514646495137 4 [4, -0.12655393518347413] [40, -3.0246695358390894] [147, -5.018614457389481] [167, 0.5364762903415405]
2.03159917604 -1.07660086701 4 [4, -0.134400238864111] [40, -3.0339869291819572] [147, -4.940208365026518] [167, 0.5645117200370482]
2.01964141368 -1.35919022613 4 [4, -0.14329219978845664] [40, -3.0419042118205692] [147, -4.858846738254424] [167, 0.595258618199729]
1.9016196272 -1.16521098524 4 [4, -0.15344748959698595] [40, -3.0487093294660697] [147, -4.7754780359534585] [167, 0.6290661251695093]
2.05159854328 -0.994195312487 4 [4, -0.16514799650898748] [40, -3.054616472306772] [147, -4.691206484124901] [167, 0.6663287547798653]
1.92035133613 -1.30291235756 4 [4, -0.17867118516817548] [40, -3.0598588328876586] [147, -4.607220168448897] [167, 0.7075468888695537]
2.00437098187 -0.914907102031 5 [4, -0.19459342007402114] [21, -5.066085987145179] [40, -3.064483748418678] [147, -4.524679669820506] [167, 0.7531487982538936]
2.05900448267 -0.769389312253 6 [4, -0.21359557798693452] [21, -5.01822103387862] [40, -3.0685909902851907] [128, 1.0336269709535566] [147, -4.44462333110964] [167, 0.8036551792979676]
1.92969360859 -0.0586873836422 6 [4, -0.23651343656938284] [21, -4.9688471891399075] [40, -3.072320530195256] [128, -5.204667543893675] [147, -4.367935450766358] [167, 0.8596646812173505]
2.0668375251 0.467361468519 5 [4, -0.26483590177413685] [21, -4.918162924678537] [128, -5.157512370306439] [147, -4.295224690523498] [167, 0.9216391165897733]
2.06736351376 0.91592766693 5 [4, -0.3006458852556628] [21, -4.86638237599603] [128, -5.108139731623245] [147, -4.226889396586262] [167, 0.9900342615734159]
2.01260136187 -1.39822009769 5 [4, -0.34719926861708306] [21, -4.81375218723135] [128, -5.056643813532376] [147, -4.163120338687355] [167, -5.218019830376999]
2.11623007002 -1.57123952036 5 [4, -0.4096170852596721] [21, -4.760542499738713] [128, -5.003151878301832] [147, -4.1039842850985835] [167, -5.136027819575984]
2.05099423315 1.18390883385 5 [4, -0.49716904031605225] [21, -4.70705549141123] [128, -4.9478933176613245] [147, -4.049326266100562] [167, -5.047505603439871]
1.90084902092 -0.533540947444 5 [4, -0.6261460622550485] [21, -4.653592844851495] [128, -4.891128444532937] [147, -3.99894299355956] [167, -4.953174303448664]
1.93519146953 -0.925046797708 5 [4, -0.8254813890453656] [21, -4.600455379203586] [128, -4.833170146683733] [147, -3.9525752651030017] [167, -4.854255250862165]
2.02615120239 -0.162388136075 5 [4, -1.1364240319290682] [21, -4.547943527616839] [128, -4.77437150796522] [147, -3.9099864663723003] [167, -4.752433123395618]
1.94420386058 1.79475717612 5 [4, -1.5655502972457631] [21, -4.496322946983881] [128, -4.715136431385134] [147, -3.8708267104268206] [167, -4.649760050965172]
2.06735406963 0.869431853553 5 [4, -1.996089757987039] [21, -4.445835240700652] [128, -4.6558739019047675] [147, -3.8348013807022627] [167, -4.548361537621138]
1.92763371394 -1.17745181181 5 [4, -2.309333138439017] [21, -4.396688714406578] [128, -4.596993989324574] [147, -3.801628816655209] [167, -4.4502100703807255]
1.97679202577 0.0914905673414 4 [4, -2.5102766191885606] [21, -4.349077353720685] [128, -4.538903547085429] [167, -4.356954951476482]
1.98885536952 -0.755603347038 3 [4, -2.6402027591689228] [128, -4.481961217972933] [167, -4.269695499626988]
1.94968699646 1.28441347085 3 [4, -2.728316324515235] [128, -4.426486199267681] [167, -4.1890559636599125]
1.94706511146 -1.0965581875 3 [4, -2.7912672813845663] [128, -4.372769449120531] [167, -4.11529167912752]
2.01135546725 -0.442463374179 3 [4, -2.8380318025252858] [128, -4.321004682494863] [167, -4.048216889111551]
1.9946831581 -0.173323864128 3 [4, -2.8739810064987656] [128, -4.271345878379972] [167, -3.9874799397518266]
1.95893466854 0.0191550222224 3 [4, -2.9023971942282794] [128, -4.223893663101549] [167, -3.9326057350144294]
2.03243437762 -0.306402132306 3 [4, -2.9255024360526454] [128, -4.178734235113792] [167, -3.8831316224746573]
1.96820367739 -0.901525949376 2 [4, -2.9445482202692292] [167, -3.838454056071124]
1.96815497967 1.8932597921 2 [4, -2.9604995934898137] [167, -3.7980579271864405]
2.00674657103 0.91195772448 2 [4, -2.974040968680528] [167, -3.761466409159575]
2.04098796346 0.275888711564 2 [4, -2.9857628166399297] [167, -3.728310648783354]
2.02916872595 -1.36909369107 2 [4, -2.9959319291853514] [167, -3.698139591955023]
2.0485887165 -0.2629213504 2 [4, -3.004831402738079] [167, -3.6706125987704885]
1.93998990583 1.09538148371 1 [4, -3.012757684893626]
2.07957149562 -0.329061910953 1 [4, -3.0197962549411037]
2.03457252971 -0.208071299309 1 [4, -3.0260844190988045]
1.83738116241 1.61610877644 0
2.07773394918 -0.694464437583 1 [97, -5.056519518722211]
1.99166229591 0.188050353383 1 [97, -5.008468430633557]
1.96136807099 1.27700426204 1 [97, -4.958966499403333]
2.02144324714 -0.176238886488 1 [97, -4.908196636881432]
2.05305974674 0.417162837714 1 [97, -4.85636618610111]
2.01334178159 -0.0434231058202 1 [97, -4.803742916967896]
1.90969141446 1.89834447673 1 [97, -4.750601807368269]
2.09531255253 -0.0348529942518 1 [97, -4.697234727250903]
1.86801826146 1.47299236368 1 [97, -4.643946159065739]
2.00092081578 1.3927273627 1 [97, -4.59103585519006]
2.03018477953 1.88830193617 1 [97, -4.538787970520329]
2.00198512188 -0.355620800427 1 [97, -4.48748219280165]
2.0533437578 1.6639689356 1 [97, -4.437342964833842]
1.92199994972 -0.688345037224 1 [97, -4.388570311102158]
1.96433207993 -1.01599170528 0
1.90638507776 0.811053598979 0
2.01878120576 -0.308062245759 0
1.9056037827 -0.369520946662 1 [127, 0.9584007004035806]
1.94134125726 0.583675948161 1 [127, 1.0012533761986635]
2.01761468293 0.834252485794 1 [127, -5.236550617813083]
2.09606623235 0.375441509736 1 [127, -5.188662993208913]
2.0530193883 2.45621926381 1 [127, -5.138289501787527]
2.05837022696 -0.596165246354 1 [127, -5.085469375000739]
1.97456703193 -1.53599090316 2 [127, -5.030376350006722] [182, -0.2585167058692228]
2.085852682 -0.772003385254 2 [127, -4.973210839471544] [182, -0.2726097016825735]
1.94880444469 -0.588603684666 2 [127, -4.914241875779159] [182, -0.28829664302318836]
1.94365260933 0.123825209884 2 [127, -4.853790850284626] [182, -0.30575659727028004]
2.02203394073 -1.08336559815 2 [127, -4.7922781898371305] [182, -0.32540803901840043]
1.98389178564 0.043182242967 3 [127, -4.730144932725565] [182, -0.34766668674352896] [193, -0.06387875727511894]
2.0732994756 -0.916829365593 3 [127, -4.667859745116954] [182, -0.3730540807631524] [193, -0.06750335882439984]
1.99319158401 1.41061507198 3 [127, -4.605908774838775] [182, -0.40211023496738996] [193, -0.07147919892930155]
1.99706942883 -1.42607207847 3 [127, -4.544754259305321] [182, -0.4357838196077797] [193, -0.07597187817957529]
1.97837666921 -1.01658030814 3 [127, -4.484821275830785] [182, -0.4751610353066136] [193, -0.08108316048917619]
1.96754960925 0.620687220441 3 [127, -4.426511741355953] [182, -0.5215047114115618] [193, -0.08682563225529893]
2.11043257902 0.64835961484 4 [127, -4.3701186517614365] [159, -0.4717604787778793] [182, -0.576778678383107] [193, -0.09346741298337591]
1.92797576223 2.04408551815 4 [127, -4.315883905688865] [159, -0.4961878966228328] [182, -0.6433616631009675] [193, -0.10122788257546578]
1.99997564539 0.354726231785 4 [127, -4.26398115837347] [159, -0.5230505390229689] [182, -0.7242809836068487] [193, -0.11040353775021838]
1.97125102383 0.569776492153 4 [127, -4.214564871948255] [159, -0.5525951227675083] [182, -0.823039265994062] [193, -0.12123777290406235]
2.0357542642 0.47176294241 4 [127, -4.167647676453328] [159, -0.5852873309967412] [182, -0.9438360774643799] [193, -0.134445876997348]
1.96737266147 -0.958639366367 4 [127, -4.123231608828155] [159, -0.6215703432960265] [182, -1.0900317674455557] [193, -0.1508769723975707]
2.10046787187 -1.4586923671 4 [127, -4.081279443620098] [159, -0.6619504456396941] [182, -1.2621679684862421] [193, -0.17183458247428707]
2.00455328796 -1.1897021874 3 [159, -0.7069005970965261] [182, -1.4550472651862054] [193, -0.1991461025616097]
1.86806516156 0.0558688044784 3 [159, -0.7571488764090226] [182, -1.6567678919151079] [193, -0.23660312091120161]
2.09225360761 -0.119029549104 3 [159, -0.8133775646608825] [182, -1.8516528365928697] [193, -0.2908730197601175]
2.01474075805 -1.00933158026 3 [159, -0.8762854210574877] [182, -2.026865946892658] [193, -0.3757220944643711]
2.01096593641 -0.334384796905 4 [7, -0.8856255410632388] [159, -0.9464334584199543] [182, -2.176553123179568] [193, -0.5228953559872949]
2.06759763011 -1.64270490747 4 [7, -0.926080168338073] [159, -1.0244564836884056] [182, -2.300558009440666] [193, -0.8185438878932754]
2.11653394254 -0.974185199542 4 [7, -0.9691592785626693] [159, -1.110626771847345] [182, -2.4020095250509024] [193, -1.4327798470573994]
1.95072946023 0.393791462046 4 [7, -1.014891859177781] [159, -1.2047220549910813] [182, -2.4851088630677323] [193, -2.151291657687854]
2.00007129717 -0.0541057636589 4 [7, -1.0633859076918215] [159, -1.306101892497022] [182, -2.5534160631240934] [193, -2.537496851894485]
1.97115288654 -1.21219647512 4 [7, -1.1146452083639273] [159, -1.4133291547914357] [182, -2.6100465695687474] [193, -2.7215909270347836]
2.04349415697 -1.84426007235 4 [7, -1.168615368103655] [159, -1.524274837803088] [182, -2.6574591362089848] [193, -2.8224132821524237]
1.8762744896 -0.603078126618 4 [7, -1.225132747333328] [159, -1.6363222744314085] [182, -2.6977038576109615] [193, -2.885150787570125]
1.88972588735 0.613199438607 4 [7, -1.2840464765997939] [159, -1.7467157165640383] [182, -2.7320719957560913] [193, -2.927447565124351]
2.00233037208 0.39274978648 5 [7, -1.3450727627212613] [55, -0.13457011289092247] [159, -1.8529020687597653] [182, -2.7616875236222054] [193, -2.957759680909125]
2.02311368251 0.426207611132 6 [7, -1.4078442886079348] [55, -0.14188296465321404] [143, -0.08089911105072378] [159, -1.9528836605084736] [182, -2.787421227947737] [193, -2.980483174647571]
2.14065941568 -1.09531751754 6 [7, -1.4719051869815756] [55, -0.14993274291150094] [143, -0.08527072933874003] [159, -2.045461754704482] [182, -2.810076658425719] [193, -2.9983326695865147]
2.0071443051 -1.11323981621 6 [7, -1.5367800246930137] [55, -0.1589659833264223] [143, -0.0901630715983055] [159, -2.1299651911013124] [182, -2.830055025373181] [193, -3.012560256225753]
1.98741521564 0.142764706491 6 [7, -1.6019254110047916] [55, -0.16916656745253267] [143, -0.09566911406711043] [159, -2.20634199081003] [182, -2.84778466326439] [193, -3.0241474229430625]
2.00385433148 -1.98903324628 6 [7, -1.6667970556854348] [55, -0.18063103634421118] [143, -0.10177700558985059] [159, -2.2750426837054953] [182, -2.8637178041088] [193, -3.033921488744803]
1.93135109392 0.455328058772 6 [7, -1.7308558193616594] [55, -0.1937715833576723] [143, -0.10874380839530673] [159, -2.3365275949571545] [182, -2.878016525575623] [193, -3.042144245476309]
2.00398354327 1.02906170241 5 [7, -1.7935980756164631] [55, -0.20896928582315955] [143, -0.11675502885173561] [159, -2.391469204890306] [193, -3.0491472778798245]
1.95632709906 -0.854579128706 5 [7, -1.8545816394984236] [55, -0.2267275703783298] [143, -0.126053168833705] [159, -2.440566440030247] [193, -3.0551739846463737]
1.9487372258 -0.49099705978 5 [7, -1.9134842307768056] [55, -0.24753653588397384] [143, -0.13678499021328694] [159, -2.48460762249408] [193, -3.0605390809650954]
1.99122052825 -1.21539754352 6 [7, -1.9699918417681457] [55, -0.27248044038987373] [143, -0.14953296595340593] [159, -2.524096822645087] [184, -0.70750938882603] [193, -3.0652359406633782]
2.01848116523 0.225350636597 6 [7, -2.0239035425540153] [55, -0.30286391744609364] [143, -0.16490109447195778] [159, -2.559591981141625] [184, -0.7424478878871685] [193, -3.06937555609177]
1.92666405231 -0.827983824269 6 [7, -2.0750967919624785] [55, -0.3405772190427596] [143, -0.18375757590857056] [159, -2.5915860177041745] [184, -0.7802745028781723] [193, -3.07304552840523]
1.96896956496 -0.248512635605 6 [7, -2.1235818739632526] [55, -0.38815656754050565] [143, -0.20712390450722395] [159, -2.6206149115317374] [184, -0.8211485647504295] [193, -3.076425325510791]
2.03079429111 -0.683318480523 5 [7, -2.1693058189166483] [55, -0.4501649930773608] [143, -0.23719882824774885] [159, -2.6469415425200684] [184, -0.8654010391356923]
2.06625991229 0.447310227226 5 [7, -2.2123174323274553] [55, -0.5334889153171769] [143, -0.2772176267660438] [159, -2.670889342756742] [184, -0.9132659337797797]
1.95155752722 -0.550777551997 4 [7, -2.252771845431156] [55, -0.6488657562858924] [143, -0.3323684375995146] [184, -0.9648667329098215]
2.05828609874 0.0951497654408 3 [55, -0.8142114827407765] [143, -0.4133839982091603] [184, -1.0204502883079112]
1.94575893196 -0.710086554148 3 [55, -1.0529419558071673] [143, -0.5414452805393761] [184, -1.080103095445156]
1.95011871283 0.135923156334 3 [55, -1.3772196322188228] [143, -0.7623517020868666] [184, -1.1438077562210358]
1.90347248185 -0.456966293655 3 [55, -1.745952890741807] [143, -1.1611872565182857] [184, -1.2113521046429012]
2.06165966199 1.52642250813 3 [55, -2.0732624696759854] [143, -1.7468477751183356] [184, -1.2825024759533195]
2.02298845933 0.263405248634 4 [29, -0.4012103378328975] [55, -2.3152632985611197] [143, -2.238341889016323] [184, -1.3567706597231894]
1.93434865192 -0.182443485768 4 [29, -0.4219879200311416] [55, -2.4829525856536026] [143, -2.5200635305909436] [184, -1.43348818085284]
1.97401385205 0.284234555081 4 [29, -0.44477863701078135] [55, -2.6002281716367195] [143, -2.678732113103546] [184, -1.5118169353708732]
1.99203912821 -0.648804207673 4 [29, -0.4700038706697036] [55, -2.6844968489073135] [143, -2.775644539730936] [184, -1.5908564288902145]
2.0723808649 1.9595014029 5 [29, -0.49803089354101804] [55, -2.7471118259798715] [143, -2.839794856125078] [177, -0.1939755291334766] [184, -1.6696150830700955]
1.88587947135 -0.0854096304637 5 [29, -0.5292936845730445] [55, -2.7950875991162762] [143, -2.8850006843074736] [177, -0.20439114787955237] [184, -1.7471216720443183]
1.87944592355 0.157668222674 5 [29, -0.5641591881007137] [55, -2.8331003779353128] [143, -2.918735967093012] [177, -0.2158501942088531] [184, -1.8225427187206482]
1.94795193176 -0.939069967325 5 [29, -0.6033644705515631] [55, -2.863690381420748] [143, -2.944605163821945] [177, -0.2286750436488223] [184, -1.8951160834993863]
2.08048294432 -1.12589465451 5 [29, -0.6476156565220714] [55, -2.8887751572909313] [143, -2.9650215097196235] [177, -0.24311268157989563] [184, -1.964272622013738]
1.93249463548 1.30299192321 5 [29, -0.6975657910699784] [55, -2.909889656801557] [143, -2.9817547506395705] [177, -0.2593048639983415] [184, -2.02970641799448]
1.96850050204 -1.90406407031 5 [29, -0.7542943643838447] [55, -2.9277288996783675] [143, -2.9955303609153128] [177, -0.27778459611964834] [184, -2.0911348958620484]
1.93842368088 -1.35118696272 5 [29, -0.8188143294022101] [55, -2.9429782468175545] [143, -3.007049160111493] [177, -0.29904597224710816] [184, -2.148483909657578]
1.99734743455 0.571786313128 5 [29, -0.8921667963829574] [55, -2.9561462701690226] [143, -3.016807487960673] [177, -0.32372972558086754] [184, -2.20179682626057]
1.97737067438 -0.237774074847 5 [29, -0.9751458646653051] [55, -2.967786489124699] [143, -3.025352251589729] [177, -0.35245188381928827] [184, -2.251308214770488]
2.03268893368 0.842934813512 5 [29, -1.0686124466594862] [55, -2.9780087757992226] [143, -3.0327448187952677] [177, -0.38652650275563083] [184, -2.2971077526392913]
1.93604562388 -1.1202557838 5 [29, -1.1727035675512916] [55, -2.987047109646638] [143, -3.039193002696485] [177, -0.4274721896596718] [184, -2.339418116700291]
1.89031714768 0.216197731213 5 [29, -1.2866731565854406] [55, -2.9950868194379683] [143, -3.0448573565810504] [177, -0.4773794127943489] [184, -2.378480575734379]
1.98286052159 -1.23167727943 5 [29, -1.4085660570487981] [55, -3.002418339140148] [143, -3.0500165005926205] [177, -0.5388372486217063] [184, -2.414652211620544]
1.94461646525 -0.686917200504 4 [29, -1.5354405925024772] [143, -3.054604381888994] [177, -0.6161826191247988] [184, -2.4480641604709716]
2.0259805531 -1.35234620254 2 [29, -1.6633626315800032] [177, -0.7150263429499706]
1.94447069592 -0.138034790274 2 [29, -1.7882817359173453] [177, -0.8423247784031265]
2.0000278595 -1.03448356418 2 [29, -1.9066235806160128] [177, -1.0066652041843023]
2.06068582593 -2.08747251956 2 [29, -2.0158715145511517] [177, -1.2133587684496456]
1.9804468417 -0.544980264438 2 [29, -2.11472150830097] [177, -1.4566774576990644]
1.8776868128 0.261961611096 3 [17, -5.184102687831646] [29, -2.2030937643295654] [177, -1.713632490707695]
2.04873665057 1.22365976287 3 [17, -5.138374973504314] [29, -2.2812699367981293] [177, -1.9529714319671099]
2.0667793484 2.43224886585 3 [17, -5.090672188358232] [29, -2.350093742233961] [177, -2.1538722250832536]
2.0151520165 1.04095585664 3 [17, -5.041087329961781] [29, -2.4105825789372632] [177, -2.3126779086831015]
2.06713820697 -0.509364129711 3 [17, -4.989708516633677] [29, -2.463975845635918] [177, -2.435910514216211]
1.92630281503 -0.212634574934 3 [17, -4.936782019162374] [29, -2.5110408403483966] [177, -2.53138206208996]
2.11940948477 0.446801232197 3 [17, -4.882537375048039] [29, -2.552648973798229] [177, -2.6062084332400492]
2.05537566969 -1.05278039834 3 [17, -4.827223696532468] [29, -2.589751640957245] [177, -2.6661210337933845]
1.93109618652 -0.387875968449 4 [17, -4.771189720984689] [29, -2.6228018986457133] [83, 0.3967855275422236] [177, -2.7146084155440193]
2.03142368506 -0.50310949331 4 [17, -4.714769032366244] [29, -2.6523560191153] [83, 0.4169822380049464] [177, -2.7544506153943837]
1.93286281217 0.177100212231 4 [17, -4.65830908344438] [29, -2.6788856540261565] [83, 0.43917597642783246] [177, -2.7876465831626094]
1.99253352785 0.459806745117 4 [17, -4.602179476698306] [29, -2.702962897214114] [83, 0.46384489666685] [177, -2.8159248569959434]
1.96788519155 -1.78786160664 4 [17, -4.546717528793389] [29, -2.724742652137815] [83, 0.49117255985323993] [177, -2.840054393851743]
1.96248291383 0.218205882422 3 [17, -4.492235227330813] [83, 0.5215754857616073] [177, -2.8608456642050384]
1.93603499009 -1.05284336542 3 [17, -4.4390105666335185] [83, 0.5555490522496278] [177, -2.8789159722895556]
1.98116185075 0.620655783757 3 [17, -4.3873438769778055] [83, 0.5939085478142276] [177, -2.894968304186723]
2.03265937882 0.902096547437 3 [17, -4.337381757672092] [83, 0.6371429807091147] [177, -2.9091294417584024]
2.05879097866 -0.680643709673 3 [17, -4.289268511440455] [83, 0.6860670722693536] [177, -2.921698177053566]
1.93234449521 -0.0849020020942 4 [17, -4.243192667366373] [83, 0.741873657425705] [144, -0.40556817384215194] [177, -2.9331154744744476]
2.08332897914 -0.692635283998 3 [83, 0.8053653715006783] [144, -0.426887499683108] [177, -2.9433587270086394]
2.03006447152 -1.70296385972 2 [83, 0.8776465404099882] [144, -0.4504516300059791]
1.80963340843 -1.19652562267 2 [83, 0.9597847560751109] [144, -0.47659386130882186]
1.91398478387 1.34927233387 3 [83, -5.230316987955557] [144, -0.50547959689714] [179, 0.18398633072524895]
1.97490952956 -0.603387643792 3 [83, -5.126224990475115] [144, -0.5377794566546097] [179, 0.19360314849960947]
1.96355720429 -0.434718927735 3 [83, -5.011647823742033] [144, -0.5740406789211381] [179, 0.20421875554894253]
2.03411777694 1.24127182251 4 [34, -0.043703277900467796] [83, -4.888279418618771] [144, -0.6149064441354328] [179, 0.21600388762297573]
2.01830547461 -1.27535906777 4 [34, -0.046271963542414696] [83, -4.759067485840709] [144, -0.6608472083283692] [179, 0.22944692993784255]
1.97329074538 -1.19657671103 4 [34, -0.049216880824552334] [83, -4.628184599153332] [144, -0.7129834745651031] [179, 0.24457845071378692]
1.98485553148 0.317377624663 4 [34, -0.05261157906308167] [83, -4.499954273858996] [144, -0.7722824762587726] [179, 0.2617447655678946]
1.98200268467 -1.98450138811 5 [34, -0.05623635909386948] [83, -4.378387511164869] [144, -0.8394809878981526] [169, -1.2503248749191247] [179, 0.28174446174257817]
1.89020127144 -0.703617248374 5 [34, -0.060471897666479535] [83, -4.266120769562103] [144, -0.9159203552908046] [169, -1.2987329161347434] [179, 0.3048699963935402]
1.98253307819 0.566352618829 5 [34, -0.06546282998587927] [83, -4.16454795620151] [144, -1.0025075239341241] [169, -1.3484822780232095] [179, 0.33191167903853813]
2.09163903607 -0.802164156593 5 [34, -0.07140193440256137] [83, -4.073954459526364] [144, -1.0997804389449435] [169, -1.3993631287102524] [179, 0.36393890357224024]
1.96286630044 2.10364633775 6 [34, -0.07809098495211142] [82, 0.1626812515728382] [83, -3.9941907541049644] [144, -1.2073828125674826] [169, -1.4511010162922782] [179, 0.4029447544958682]
2.00033362224 0.438333385533 6 [34, -0.08625385772652816] [82, 0.17130609713407274] [83, -3.924034177118158] [144, -1.3245017458009776] [169, -1.5034818950607725] [179, 0.4505929710919814]
2.05525563879 0.459261309705 6 [34, -0.09638418724269382] [82, 0.18082503466895528] [83, -3.862387457202835] [144, -1.4488084785319058] [169, -1.5562143745911432] [179, 0.5098769830733243]
1.92676485851 -0.90065249757 6 [34, -0.10806333270047919] [82, 0.19195420614601932] [83, -3.808745029527456] [144, -1.576831917019184] [169, -1.6090144140078366] [179, 0.5863491821005535]
2.00910843812 0.366068887604 6 [34, -0.1224695185506075] [82, 0.20475976367869198] [83, -3.7618096016421543] [144, -1.7048037615451102] [169, -1.661633998736018] [179, 0.686023161092491]
2.03845168549 0.673297410179 6 [34, -0.14342287112047014] [82, 0.21855084471491537] [83, -3.719720619844545] [144, -1.828378060394651] [169, -1.7137075452696653] [179, 0.815492782926845]
2.01098591574 -0.334779012617 6 [34, -0.17094567851052833] [82, 0.23494831868391675] [83, -3.682878066342758] [144, -1.9446626708389445] [169, -1.7650712184065713] [179, 0.9878855624287448]
1.9356390528 -0.225589173431 8 [34, -0.214581839135759] [82, 0.2529887974368723] [83, -3.6494304948229397] [109, -4.762219433688209] [144, -2.050734730288728] [148, 0.43511968283153823] [169, -1.8152903369270974] [179, -5.074625247066821]
2.04769483816 -0.171599370492 8 [34, -0.28101451798314514] [82, 0.27530090246595584] [83, -3.620300129263094] [109, -4.712066288819811] [144, -2.146965664231967] [148, 0.4576930600410236] [169, -1.8644567295660601] [179, -4.8089809558012035]
1.99354430475 -0.753251160925 7 [34, -0.407144162666639] [82, 0.30154113704627594] [83, -3.594074697550327] [109, -4.661943627982068] [144, -2.2325706454019016] [148, 0.4824293876419343] [179, -4.530223543471956]
1.95594803669 1.15046070268 6 [34, -0.7188109903803994] [82, 0.33175382479037285] [83, -3.5698080724484242] [144, -2.3074071574278197] [148, 0.5090707364038858] [179, -4.276188919899594]
1.92282957212 -0.331459634137 6 [34, -1.583932055131049] [82, 0.370287008391486] [83, -3.5485875524334967] [144, -2.3742091702095305] [148, 0.5394101055395684] [179, -4.071484730457994]
1.93999264018 -0.0124602718334 5 [34, -2.4359416598979102] [82, 0.41652476171308805] [144, -2.4321781836934626] [148, 0.5723879558654472] [179, -3.9130714815456944]
2.00062181136 0.173011526597 5 [34, -2.739001140293127] [82, 0.4764567156357584] [144, -2.4838127233839673] [148, 0.6097234067231634] [179, -3.7944592066308873]
2.03511317851 0.776582962801 5 [34, -2.861738434101636] [82, 0.5521887489980815] [144, -2.528569304074358] [148, 0.6506636821273419] [179, -3.70230711789646]
2.02973403866 1.43271910607 5 [34, -2.931169951822042] [82, 0.6559106736178739] [144, -2.569222410030159] [148, 0.6976745063112055] [179, -3.6327716310618987]
1.95891179574 0.590846624517 5 [34, -2.971107164578033] [82, 0.7944019811210827] [144, -2.604568887334044] [148, 0.7496296732999097] [179, -3.5762344601933735]
2.00149954066 1.11052951201 5 [34, -2.999878272274684] [82, 0.9865038485327142] [144, -2.6367228414332775] [148, 0.8088551743531438] [179, -3.531719175597636]
1.89340448268 -1.21442994351 5 [34, -3.020310924619664] [82, -5.0416900743835615] [144, -2.6654575866262338] [148, 0.8754136859097006] [179, -3.4950363822272594]
1.9963160116 1.42055475666 5 [34, -3.034709720305358] [82, -4.735244707993201] [144, -2.6909217758083877] [148, 0.9497563159077638] [179, -3.463800774253889]
1.99713235718 0.420216609264 5 [34, -3.0472871192334985] [82, -4.424710078714759] [144, -2.7145263817243417] [148, 1.0336741799931195] [179, -3.4383783450322656]
1.93108527671 0.281810361752 5 [34, -3.055651567035237] [82, -4.159875377173231] [144, -2.7351380692097593] [148, -5.157276298802991] [179, -3.415390429180928]
2.04200309076 0.76377958492 4 [34, -3.0644920531204667] [82, -3.961770996603355] [148, -5.055090659750391] [179, -3.3970401957379988]
2.01935623848 -0.711871146346 4 [34, -3.0703471533976625] [82, -3.8148195077378317] [148, -4.945708534683154] [179, -3.3798658558898493]
2.06505565701 1.36546972839 4 [34, -3.0763834127562673] [82, -3.7089367929586405] [148, -4.829975694200989] [179, -3.3656224243836896]
1.98144159137 0.0824358637411 4 [34, -3.080124121269051] [82, -3.627080934960034] [148, -4.711222887722417] [179, -3.351852257915869]
1.92912883368 1.14768923424 5 [15, 0.6599402042174596] [34, -3.0850729518053956] [82, -3.567216729703375] [148, -4.5925114370467] [179, -3.3409715219311664]
1.97773789647 -0.231987868305 5 [15, 0.6919882018065522] [34, -3.0880599581590342] [82, -3.5178420531082155] [148, -4.476845825002923] [179, -3.3300984432539424]
2.06530419614 -0.514457900506 5 [15, 0.727456933837356] [34, -3.091670740482404] [82, -3.479796773463981] [148, -4.367652908004104] [179, -3.3211113975562547]
1.93384413427 0.91538688467 4 [15, 0.7658217795030753] [34, -3.0947202057120298] [82, -3.4483935618066672] [148, -4.266420681404893]
2.03105851381 -0.823143642934 4 [15, 0.806954291704935] [34, -3.096789250303321] [82, -3.421199845207443] [148, -4.173544596189803]
2.15102252916 0.994696172049 3 [15, 0.8524514900022266] [82, -3.3997521843509255] [148, -4.090884495614606]
1.91775313765 0.993058376354 3 [15, 0.9006448529450486] [82, -3.379384375337147] [148, -4.015516220984949]
1.9582883173 -0.275859129049 3 [15, 0.9538045839974378] [82, -3.363231228901933] [148, -3.9495970181829514]
1.91171325348 0.621509467586 3 [15, 1.011685846791127] [82, -3.3499206925100258] [148, -3.891836604269298]
2.05719169353 -1.06625292409 3 [15, -5.21044118225783] [82, -3.336206328803714] [148, -3.838683100359342]
2.05684415505 1.98326033651 3 [15, -5.144041640287538] [82, -3.3255323779260344] [148, -3.7928314225628847]
1.8496893607 0.127395192158 3 [15, -5.073967186905483] [82, -3.314971382023841] [148, -3.7509138979403396]
1.98240576952 0.785825702642 3 [15, -4.999179132170381] [82, -3.3070813715175227] [148, -3.7150917962704213]
2.00424954148 -0.871345245605 2 [15, -4.922000708836653] [148, -3.6806032287276955]
2.06085675344 -1.26019131223 2 [15, -4.84148010334053] [148, -3.6513402898545544]
1.99028316092 0.266101785929 2 [15, -4.759520140110787] [148, -3.6235489113139825]
1.98483089808 -0.651630344429 2 [15, -4.676865395260167] [148, -3.60053998721601]
2.10553650986 1.55332698974 3 [15, -4.594434690908089] [148, -3.5763259270795906] [151, 1.0097807933166756]
2.04118969831 -1.02560446458 2 [15, -4.513914819464915] [151, -5.228915214300709]
1.93678732553 0.237756674185 2 [15, -4.437200239425705] [151, -5.181193743278834]
2.01339463304 0.15903049804 2 [15, -4.361096517393319] [151, -5.13418698810965]
2.02558954942 0.397908833104 2 [15, -4.292099041588654] [151, -5.082207181839441]
1.99231243474 0.338561101771 2 [15, -4.218821503375828] [151, -5.03587511174965]
0.0129490096175 0.923289481055 2 [15, -4.218821503375828] [151, -5.03587511174965]