436
0.0366676596909 0.209319912086 1 [23, 5.477381813095601]
0.00808057026225 16.8607651109 1 [23, -0.5130904188535377]
2.05938632189 0.682749383092 1 [23, -0.5429100522950154]
1.94190387136 -0.620117122592 1 [23, -0.5761349334149326]
2.06865370667 -0.462167234757 1 [23, -0.6129072084491218]
1.93886790358 -0.174695768734 2 [23, -0.6541318550082265] [108, -5.721222285119354]
1.9303727857 0.521640078094 2 [23, -0.7000746988755271] [108, -5.692338135344653]
1.98654022211 -0.257240197583 2 [23, -0.7518270890528678] [108, -5.660871218715079]
1.93477327785 -0.703921878236 2 [23, -0.8098953104502504] [108, -5.626284566428608]
1.97630453491 0.724674484331 2 [23, -0.8753643275717256] [108, -5.588436601442396]
1.98857555812 -1.39718911399 2 [23, -0.9489948479045225] [108, -5.54693953532926]
2.02036732926 -0.674134668241 2 [23, -1.031005496483031] [108, -5.501025252595396]
2.03139417683 -0.238868751046 2 [23, -1.1220799456429296] [108, -5.450585926720088]
2.04441471799 -0.356106664311 2 [23, -1.2216661997205742] [108, -5.394824405991405]
2.00095863315 -0.140446380657 2 [23, -1.3291506407992157] [108, -5.333675879876989]
1.93874446628 0.754605687443 2 [23, -1.4426530379849556] [108, -5.26679369441343]
1.92312221457 -0.0354439352672 2 [23, -1.559456760366042] [108, -5.1936475645675335]
1.96354460482 -0.0880685263634 2 [23, -1.6765597604336326] [108, -5.114588785914215]
1.99344419048 -0.00483970591734 2 [23, -1.7908996989787935] [108, -5.029671126261339]
1.89078274318 -0.157597204634 3 [23, -1.8996503384134815] [108, -4.93986726899128] [135, -1.3904442877575311]
1.96167147872 -0.484341170914 3 [23, -2.0010120441516355] [108, -4.846139555118208] [135, -1.440188449613335]
1.99389398661 -0.676613434637 4 [23, -2.0936471746710295] [40, 0.052922421630625216] [108, -4.750043684382087] [135, -1.4906145486756008]
2.02281536133 0.834081685296 4 [23, -2.1771544403148737] [40, 0.05547224912078974] [108, -4.653207159882705] [135, -1.5414503246392943]
1.94431042656 -0.404309629612 4 [23, -2.2522278069351906] [40, 0.05859209847348268] [108, -4.557455288857487] [135, -1.5924201408648644]
1.97955791014 -0.544305347207 4 [23, -2.318965797538201] [40, 0.06187383431214144] [108, -4.464404342519255] [135, -1.6432672844202862]
2.01773759215 -0.744403721838 5 [23, -2.3786304293022473] [28, -5.4627993543842415] [40, 0.06590273452305606] [108, -4.375640955569425] [135, -1.693759978332702]
2.00853104995 -0.0852747799992 5 [23, -2.4314997990140124] [28, -5.424399211922684] [40, 0.07022998449257134] [108, -4.291965891818058] [135, -1.7436116333857363]
1.96932566285 0.2454171513 4 [23, -2.478888948786266] [28, -5.383078177812253] [40, 0.07557827016123575] [108, -4.214314336083784]
2.02774913696 0.30581915248 4 [23, -2.5209849918388394] [28, -5.339008680252985] [40, 0.08146601916865048] [108, -4.142594241216384]
2.08596234769 -0.16826898711 4 [23, -2.5584441564305838] [28, -5.292065253352239] [40, 0.08801438258159067] [108, -4.076731139546032]
1.96766340996 0.171533884402 4 [23, -2.592371059378169] [28, -5.241847170251714] [40, 0.09629540092866495] [108, -4.01694266715787]
2.04946819983 0.367859274779 4 [23, -2.6227301366569797] [28, -5.188629476792305] [40, 0.10583484980519398] [108, -3.9624085135485627]
1.95238251599 1.20852641211 4 [23, -2.650315492044698] [28, -5.1322336105519435] [40, 0.11783604742887821] [108, -3.913038298443825]
2.02074484156 0.766911570301 4 [23, -2.6751373963262215] [28, -5.072961717553196] [40, 0.13231412149518818] [108, -3.868031563063334]
2.03405544302 -1.00112046692 4 [23, -2.698013705268814] [28, -5.010774500054092] [40, 0.15182392004008882] [108, -3.8274513951625644]
2.05031798032 -0.0449651669886 3 [28, -4.946221312424089] [40, 0.17706808227319204] [108, -3.790358935250215]
1.99359740642 0.506828138043 3 [28, -4.87967369079965] [40, 0.21136149844221297] [108, -3.756364402497253]
2.0260790238 0.154666847223 3 [28, -4.811506380346017] [40, 0.26395757100446726] [108, -3.725634737405049]
1.97552060105 0.212956210619 3 [28, -4.74243485077745] [40, -5.935099975764804] [108, -3.6973273388894854]
2.00719311452 0.573714904732 2 [28, -4.673072763584277] [40, -5.774848019799997]
2.10370448681 0.759113606643 2 [28, -4.604095715370988] [40, -5.414730348538119]
2.0361259356 0.334943508395 3 [28, -4.536075679563558] [40, -4.61009786699484] [147, 0.01543745807602015]
2.02649253345 -0.544820735257 3 [28, -4.4697429534316715] [40, -3.9011746821453865] [147, 0.016395372590133128]
1.95416485685 0.0346970220196 3 [28, -4.405433137626314] [40, -3.6035148567007207] [147, 0.017161908617459254]
1.95206913547 -0.184929765601 3 [28, -4.343713883173484] [40, -3.467660405183218] [147, 0.018263294982594047]
1.9740378375 0.812936153281 3 [28, -4.284665382877307] [40, -3.3910981642420612] [147, 0.01914893187973732]
2.01099462393 0.299784925705 3 [28, -4.228850061643918] [40, -3.344595197129228] [147, 0.02073944445415421]
1.98463783277 0.602716912981 3 [28, -4.175974995597991] [40, -3.31185866027633] [147, 0.022134683253127285]
2.03341898588 -0.280108268813 3 [28, -4.126015351515863] [40, -3.2872274511118684] [147, 0.02325622386701376]
1.93450077562 -0.21181979191 3 [28, -4.0794326241940695] [40, -3.269718208690811] [147, 0.025368510137917966]
2.02737118919 -0.639173617468 3 [28, -4.035614188849955] [40, -3.255275008048569] [147, 0.027257391612694803]
2.02901987838 -1.30527000087 3 [28, -3.995010111871231] [40, -3.2446772917696687] [147, 0.030572907554294204]
1.89784793067 -0.051973203464 4 [28, -3.9568760477728704] [40, -3.235341725824383] [147, 0.03384259115574828] [167, -0.5337639382749071]
1.92488751688 0.58686842267 4 [21, -0.049943419930277955] [40, -3.2284728108177325] [147, 0.03936610307052568] [167, -0.5606847047751149]
2.00867137868 -0.0395781886753 4 [21, -0.0525173522506277] [40, -3.2220809589588386] [147, 0.045406220950579446] [167, -0.5905434109001177]
1.97945177968 -0.492050916105 7 [4, -1.2633137760412154] [21, -0.05620580737515635] [40, -3.215588740712293] [99, 0.11688200891390199] [128, -0.262946908530326] [147, 0.05108998602410875] [167, -0.6240198230734402]
2.10081902089 -0.151698039387 7 [4, -1.3118236737742972] [21, -0.05959008770101981] [40, -3.2107646031734483] [99, 0.12319721262218675] [128, -0.27672505052649043] [147, 0.061542806619010904] [167, -0.6602341859486804]
1.97865566247 -0.120433127184 7 [4, -1.361709996202329] [21, -0.06399083143919171] [40, -3.20598926328446] [99, 0.12972506384225113] [128, -0.2924638713868726] [147, 0.07502419078882738] [167, -0.700619641657509]
2.03357268762 1.37295309145 7 [4, -1.4125192032465197] [21, -0.06804605577808243] [40, -3.202571543539584] [99, 0.1378534561435183] [128, -0.30920632042830576] [147, 0.10215664789913959] [167, -0.7445113269861325]
2.00456908067 0.79609380145 7 [4, -1.4642505614636914] [21, -0.07341941287236331] [40, -3.199005882880825] [99, 0.14640848918871985] [128, -0.3285193448294468] [147, 0.15173438844698417] [167, -0.7935631714008755]
1.96671653098 0.307419635855 7 [4, -1.5164919830720844] [21, -0.07840594466066086] [40, -3.196622999746869] [99, 0.15716761501354437] [128, -0.3492919049573713] [147, -5.969440888490393] [167, -0.847023573045834]
1.97102632169 0.127071357288 6 [4, -1.5691014437941586] [21, -0.08517146497080041] [99, 0.16873888459966668] [128, -0.3735359385924468] [147, -4.585425417525382] [167, -0.9067140095996047]
1.96780758686 -0.188478678912 6 [4, -1.621694791462855] [21, -0.09436110717909152] [99, 0.18120264842764655] [128, -0.40203640896683] [147, -3.4249916134316627] [167, -0.9731152476485434]
2.05026660288 0.0885266995556 6 [4, -1.6740524051523353] [21, -0.10355223827406412] [99, 0.1973096154400178] [128, -0.4334452719916557] [147, -3.2929202291379] [167, -1.045143311292164]
2.08541433457 0.0448499294847 6 [4, -1.7257907542929471] [21, -0.11645771262093785] [99, 0.2151875100331866] [128, -0.47092432123516037] [147, -3.2420505081573325] [167, -1.1243711403868826]
2.00446704216 -0.850152364082 6 [4, -1.7769034174086498] [21, -0.12992434604801595] [99, 0.2388146627726444] [128, -0.5129710653177497] [147, -3.221477012207811] [167, -1.2092654557222478]
1.98719700923 -0.511661469213 7 [4, -1.826858654963086] [21, -0.14979739266451997] [43, -5.644458485537053] [99, 0.2660871022410589] [128, -0.5640164823348321] [147, -3.20621380680592] [167, -1.3006759182239414]
2.04006583156 0.118930034631 7 [4, -1.8750989744910864] [21, -0.18226294211160887] [43, -5.614429003505176] [99, -5.986681177798561] [128, -0.6276238759953365] [147, -3.1911711665219857] [167, -1.3974682977976567]
2.05041897102 0.142495745199 6 [21, -0.2235385426606129] [43, -5.580718747374219] [99, -5.944211712674495] [128, -0.7014793330274758] [147, -3.183959185082607] [167, -1.496952916618067]
2.09600589598 -0.620952547167 6 [21, -0.29376442300249916] [43, -5.544954722208933] [99, -5.891424293798098] [128, -0.7928596233438148] [147, -3.1759917051864144] [167, -1.5978132403855207]
2.08650335696 -0.908901086215 6 [21, -0.40518152977837474] [43, -5.5046355641024585] [99, -5.813208517419013] [128, -0.9002134540700926] [147, -3.1733130310938296] [167, -1.6981163756249602]
2.00747903757 -0.213396197523 6 [21, -0.6540117449980736] [43, -5.461844346010483] [99, -5.7065306000399145] [128, -1.0321319368114041] [147, -3.1687208640353384] [167, -1.795568665288739]
1.94974409842 0.101464842021 8 [12, -0.47483333612208867] [21, -1.2605809856390682] [39, -5.889687450289572] [43, -5.4134425004869735] [99, -5.5361935789475565] [128, -1.18462772754775] [147, -3.1688937632359697] [167, -1.8898866549003346]
2.10212524587 -0.208258223857 8 [12, -0.49948047785713534] [21, -2.1826560121198564] [39, -5.869241395566948] [43, -5.362210846375349] [99, -5.283157593770862] [128, -1.3618486379984702] [147, -3.1665226578727097] [167, -1.9781098915783053]
2.00338422088 0.171154788533 8 [12, -0.528797513933589] [21, -2.594651904308548] [39, -5.849086197148095] [43, -5.308532486066607] [99, -4.917896841224653] [128, -1.5531393658317088] [147, -3.1609550439491683] [167, -2.0580553738625156]
2.08051859491 -1.09268405723 8 [12, -0.5571918847540802] [21, -2.7859661627786485] [39, -5.822614201240113] [43, -5.247255945109223] [99, -4.480512760849874] [128, -1.744913010221488] [147, -3.161644151537264] [167, -2.134624086429152]
2.01918473087 0.911347540265 9 [12, -0.5925951162777565] [21, -2.865188078794534] [39, -5.797485085967172] [43, -5.184190588153891] [99, -4.106843695980484] [128, -1.9216806914764142] [147, -3.1571398457966304] [164, -0.7372888907394133] [167, -2.2010994007527747]
2.02232849408 -0.044262182277 9 [12, -0.6195954728595465] [21, -2.956368340393191] [39, -5.757280536326895] [43, -5.110590692433403] [99, -3.8996654560009816] [128, -2.091831765513552] [147, -3.1667967583371315] [164, -0.7656511564818649] [167, -2.2711799365492973]
0.0274864674698 -0.368836417686 9 [12, -0.6195954728595465] [21, -2.956368340393191] [39, -5.757280536326895] [43, -5.110590692433403] [99, -3.8996654560009816] [128, -2.091831765513552] [147, -3.1667967583371315] [164, -0.7656511564818649] [167, -2.2711799365492973]
-0.050600422665 56.4788132529 9 [12, 0.3804045271390164] [21, -1.956368340394628] [39, -4.757280536328332] [43, -4.11059069243484] [99, -2.8996654560024187] [128, -1.0918317655149892] [147, -2.1667967583385686] [164, 0.23434884351669805] [167, -1.2711799365507344]
-0.0123961949545 57.1475981129 9 [12, 1.3804045271375798] [21, -0.9563683403960646] [39, -3.7572805363297683] [43, -3.1105906924362765] [99, -1.8996654560038553] [128, -0.0918317655164258] [147, -1.1667967583400052] [164, 1.2343488435152614] [167, -0.271179936552171]
-0.0042902088303 39.8647629356 9 [12, 2.0884895862776967] [21, -0.24828328125594767] [39, -3.0491954771896514] [43, -2.40250563329616] [99, -1.1915803968637384] [128, 0.6162532936236911] [147, -0.4587116991998883] [164, 1.9424339026553783] [167, 0.4369051225879459]
2.00162814303 -0.710515921733 9 [12, 2.1439401187218072] [21, -0.31317961030832864] [39, -3.0548966214649633] [43, -2.451536831858096] [99, -1.482914062199236] [128, 0.7314718754427627] [147, -0.4879697698627803] [164, 1.9907134221616243] [167, 0.47246448722315115]
2.03301025931 -0.747411888875 9 [12, 2.195810834281761] [21, -0.4223875752845605] [39, -3.0597416399567354] [43, -2.4951800838324907] [99, -1.789303151512241] [128, 0.8856803057550229] [147, -0.5210558899842099] [164, 2.0370752912855306] [167, 0.5135030060599055]
2.03138318818 0.557609939853 8 [12, 2.243885023083859] [21, -0.629273376141013] [39, -3.064367966269614] [43, -2.534577398024613] [99, -2.060111796080783] [128, 1.0922847576099084] [147, -0.5580532602473203] [167, 0.5620656897433056]
1.9961962706 0.424849503567 8 [12, 2.2885658586349766] [21, -1.0925956194589106] [39, -3.068454521845892] [43, -2.569921219813792] [99, -2.271284185670026] [128, 1.3535093613901514] [147, -0.6001267695565033] [167, 0.6193203610236293]
2.0186156062 0.457817748515 7 [12, 2.3300950741353414] [21, -1.896810247163953] [43, -2.6016589146052844] [99, -2.4271994714465204] [128, 1.6476582658392607] [147, -0.648269150158689] [167, 0.6872718267458362]
2.01490556049 0.347923606167 8 [4, 0.566763606493486] [12, 2.3686879678773973] [21, -2.442911899800643] [43, -2.6302343661684686] [99, -2.5416453015415286] [128, 1.9297960257628253] [147, -0.703562625738535] [167, 0.76849275896799]
2.01749333047 -0.499597745345 8 [4, 0.5957204125405551] [12, 2.40424170944578] [21, -2.6874109909268054] [43, -2.656434416734703] [99, -2.628108829658323] [128, 2.1631139610431456] [147, -0.7666403344513548] [167, 0.8667551303911285]
1.9739612666 -1.13226197217 7 [4, 0.6272554194480691] [21, -2.809937373575428] [43, -2.680169496509331] [99, -2.6941110317441592] [128, 2.3413898026224427] [147, -0.8394338077546495] [167, 0.9842848230156003]
2.04663816267 0.666991211308 6 [4, 0.6616772380822713] [21, -2.8810928144195427] [99, -2.74561664356834] [128, 2.4744447861239403] [147, -0.9233137495098713] [167, 1.1232428373461154]
1.9449020597 -0.497579478576 6 [4, 0.6997549898463218] [21, -2.9284785455884146] [99, -2.7875372163213035] [128, 2.5732648714214887] [147, -1.0188728276661565] [167, 1.2838795340135034]
1.98880450078 -0.0573544494399 6 [4, 0.7414637477450814] [21, -2.9612494162370364] [99, -2.821554185064831] [128, 2.64892818891944] [147, -1.1273968862716264] [167, 1.4608408815811877]
1.96019648964 -0.160101206164 6 [4, 0.7872103722109536] [21, -2.9850655553311354] [99, -2.8495794417283626] [128, 2.708221780393635] [147, -1.2484982618679878] [167, 1.6448499783811599]
1.93677922302 -0.106792206606 6 [4, 0.8374232313290584] [21, -3.0030125316738454] [99, -2.872970557550591] [128, 2.7557380562909994] [147, -1.3802230419261972] [167, 1.8242117655406878]
1.96901739961 0.137702241306 6 [4, 0.8929906865388073] [21, -3.0179239836813205] [99, -2.89342871336192] [128, 2.7936728805240723] [147, -1.518754625747753] [167, 1.988210590876383]
1.99501175245 -0.788588015392 6 [4, 0.953850269893894] [21, -3.0297463880316933] [99, -2.9108843480898323] [128, 2.8252367701835075] [147, -1.6593884386546998] [167, 2.1316053462281]
1.95004795894 -0.428526372606 6 [4, 1.020325970686569] [21, -3.039269404413955] [99, -2.92589889168179] [128, 2.8519274631063913] [147, -1.7965393273537484] [167, 2.2534661285480695]
1.99410221715 -0.824389769112 6 [4, 1.0930208173869964] [21, -3.047857389159576] [99, -2.939532424231497] [128, 2.8740389628649323] [147, -1.9258546459384873] [167, 2.354650057769158]
1.97746841458 -0.610755203384 6 [4, 1.1714486279014045] [21, -3.0549601961905317] [99, -2.951431848772234] [128, 2.8932335317314175] [147, -2.0438942702257608] [167, 2.439015331272918]
1.98577299739 0.630016510302 6 [4, 1.2553066034477292] [21, -3.0608753338735584] [99, -2.961869281655048] [128, 2.9100871472232495] [147, -2.1491136352802576] [167, 2.509604751917216]
2.01881292673 -0.377944865491 6 [4, 1.3439606206175005] [21, -3.0658235058719625] [99, -2.9710617673358364] [128, 2.9250380252168764] [147, -2.24141783476416] [167, 2.5690824895995403]
2.02956237982 -0.35101126655 7 [4, 1.4365646063743798] [21, -3.0706551461005085] [40, -0.9628752525687698] [99, -2.979740722923066] [128, 2.93776098534273] [147, -2.3224277081416576] [167, 2.6187365167077825]
2.03921343651 1.42632981605 6 [4, 1.5314574970244523] [21, -3.074751874486954] [40, -1.0056756357270742] [128, 2.949243483106028] [147, -2.392646575253491] [167, 2.6612839213856514]
2.0068399442 -0.468000972681 6 [4, 1.627069989228616] [21, -3.0782245605175107] [40, -1.0510225784328355] [128, 2.9596882829333158] [147, -2.4534392206102797] [167, 2.6980919958141394]
2.00202658296 0.831476032649 6 [4, 1.7217647293489726] [21, -3.0811608581258225] [40, -1.09891967111564] [128, 2.9692586733394277] [147, -2.506132990011789] [167, 2.7302300889100257]
1.91398209162 0.386966915803 4 [4, 1.8137300411924873] [40, -1.1490363486699215] [147, -2.55273504685577] [167, 2.757743541954918]
1.9906732836 -0.542531224017 4 [4, 1.9017608402983477] [40, -1.2016008786387276] [147, -2.5934378209309212] [167, 2.782153819867694]
2.05302055124 0.195148361926 4 [4, 1.9849291979008532] [40, -1.2564515794865274] [147, -2.629118997356957] [167, 2.8039814634653375]
2.07683632476 0.16825125803 4 [4, 2.0621333355289115] [40, -1.3131501488839852] [147, -2.6612919468963954] [167, 2.8229062071731628]
2.0715498104 0.283053321408 4 [4, 2.13355861462899] [40, -1.3716730618109476] [147, -2.68975542944743] [167, 2.8400543725166054]
1.97372060854 0.0697558991262 4 [4, 2.1992596405786893] [40, -1.4316501468574319] [147, -2.7150250171997024] [167, 2.855694879956504]
2.01705583814 0.868714395658 3 [4, 2.259472292259768] [40, -1.4926460388269682] [147, -2.737531382759334]
2.02012926587 -0.279217853616 3 [4, 2.3138300787440826] [40, -1.5541639685987525] [147, -2.75837050892167]
2.0216383329 -1.06622967201 3 [4, 2.363433659461231] [40, -1.6158205839308861] [147, -2.777071718815871]
1.97599375788 0.292735309458 2 [4, 2.4087311360031425] [40, -1.6770978665077299]
2.04026249015 0.164827828584 2 [4, 2.449379686835587] [40, -1.7376612211989517]
1.96173300498 0.182774251566 2 [4, 2.4865757887681914] [40, -1.7969967357144259]
1.92299568837 0.130753030447 2 [4, 2.520707107125493] [40, -1.8546827895523337]
2.04435895045 -0.224208160381 2 [4, 2.552123559738714] [40, -1.910361697160201]
2.01620360508 -0.507681647847 3 [4, 2.580311487825047] [40, -1.9641711504859627] [135, -0.27093057567736656]
1.95528315898 0.8897523756 2 [40, -2.0155782220626928] [135, -0.2856025517290002]
1.99056801602 -0.312907577515 2 [40, -2.0644249341490317] [135, -0.3022230510069006]
1.99880421917 -0.132749172234 2 [40, -2.1112101898722306] [135, -0.3198879701324677]
1.96879434491 -0.328453121116 2 [40, -2.1553824164145587] [135, -0.34010062094484983]
2.08312455371 -0.520192396643 1 [135, -0.3633693986815918]
1.93420951861 0.0531229957074 1 [135, -0.3903304056529784]
2.02575597815 -0.0703216120994 1 [135, -0.4198858020540386]
1.9825039498 -0.0796389050442 1 [135, -0.4546212395037168]
2.01951193718 -0.00119809223041 1 [135, -0.49577319753407156]
2.0898980328 -0.144271902464 1 [135, -0.5422245207646577]
2.04696648451 -0.436998266042 2 [23, -1.1156730146252918] [135, -0.5982191835269548]
1.98439367106 -0.684571188823 3 [1, 0.00410585251018647] [23, -1.161703178341682] [135, -0.6662550791771062]
1.93715851864 0.361413858158 4 [1, 0.003359791834993242] [23, -1.2098173130436956] [95, 1.291200146521584] [135, -0.7493816939822691]
2.03328707912 -0.138140049325 4 [1, 0.004188599378898594] [23, -1.2591784319286972] [95, 1.3404180827958667] [135, -0.8470094853796994]
1.86043448269 0.0471205279661 4 [1, 0.004763867642355368] [23, -1.3103064522181815] [95, 1.3906877125355503] [135, -0.9659922085771875]
2.05838852662 -0.42885822379 4 [1, 0.004548041316854157] [23, -1.3630460828045794] [95, 1.4417751877478056] [135, -1.1095835970934393]
1.95906539656 -0.536505159216 4 [1, 0.0069501064074422025] [23, -1.4165892601613441] [95, 1.4937244890358077] [135, -1.2741651139543961]
1.96010497682 0.207999739767 4 [1, 0.008690609530525695] [23, -1.4713154328856182] [95, 1.5459271846069482] [135, -1.4595347899098114]
2.07697917421 -0.0710255473835 4 [1, 0.00930071270283328] [23, -1.526797896772584] [95, 1.5982079555240043] [135, -1.6537960610583498]
1.990130866 0.393947832289 4 [1, 0.007984598466283632] [23, -1.5825139093408733] [95, 1.6504264304279772] [135, -1.8407513519390677]
1.96082285857 -0.168034397801 4 [1, 0.012687383695524357] [23, -1.6382213946099955] [95, 1.7018721419589156] [135, -2.01367134663377]
1.95059320964 -0.169006909454 4 [1, 0.01577270543530984] [23, -1.6936374989134462] [95, 1.752678875730818] [135, -2.1624543264188167]
2.00859436675 -0.65941399022 4 [1, 0.01475586133494211] [23, -1.7480013382284625] [95, 1.8029381325573954] [135, -2.2833242328852417]
2.01108987239 0.109929760978 4 [1, 0.002757673126956295] [23, -1.7999324108722798] [95, 1.8530229079010185] [135, -2.3743790477459608]
1.99942105035 0.211756831687 3 [1, 0.0249200356669963] [23, -1.8534480106377464] [135, -2.47086525063093]
0.0184503586634 57.8185944007 3 [1, 1.0249200356655592] [23, -0.8534480106391835] [135, -1.4708652506323674]
0.0229699757478 57.7693323688 3 [1, 2.024920035671104] [23, 0.14655198936636116] [135, -0.4708652506268227]
0.0534321146519 19.6104438499 3 [1, 2.372586384387971] [23, 0.49421833808322824] [135, -0.12319890190995564]
2.05572818754 0.405321110438 3 [1, 2.4692181017206645] [23, 0.5209478787845104] [135, -0.14028835261873762]
1.98292944633 0.124857743014 3 [1, 2.546507033377879] [23, 0.5506685966283663] [135, -0.16205691476343376]
2.07910442363 0.8459021437 3 [1, 2.609580444265279] [23, 0.5833986584909908] [135, -0.1925645693089335]
1.95317317023 -0.014981866596 3 [1, 2.6610122444008204] [23, 0.6199871405595164] [135, -0.2360138270156107]
2.0955639273 -0.31382970584 3 [1, 2.704316806330258] [23, 0.6603778561800616] [135, -0.30694211852263353]
2.05946109545 0.786754073214 3 [1, 2.7410609424458965] [23, 0.705269947160193] [135, -0.4368363300661894]
1.96565752207 -0.0417434781999 3 [1, 2.7719705984476946] [23, 0.7557757587845472] [135, -0.7214097049720396]
2.00083522249 -0.42763894863 3 [1, 2.798791651911089] [23, 0.8121065997369349] [135, 4.83431797337927]
2.02233554331 0.646880936189 3 [1, 2.8217006678376184] [23, 0.8754705026263655] [135, 3.979397199059996]
1.91771945655 -0.904514346832 3 [1, 2.841366098291822] [23, 0.9465238901301901] [135, 3.6151107436995304]
1.94581892359 -0.373315532484 3 [1, 2.8596742658379606] [23, 1.024601643681056] [135, 3.4651007986458144]
1.95086334422 0.083062158525 3 [1, 2.8755831007558763] [23, 1.1111864175204142] [135, 3.3845214656751357]
2.04382611758 0.166763958484 3 [1, 2.889995133493001] [23, 1.2056413978448135] [135, 3.336047489906314]
2.00249652582 0.451432690614 3 [1, 2.902597215698097] [23, 1.3076083027357956] [135, 3.302375944248493]
2.05219071042 0.969940415268 2 [23, 1.4154177816618985] [135, 3.277184706855999]
1.99150055287 -1.28382524287 2 [23, 1.5265166963926982] [135, 3.2606968181723652]
2.02084306488 -1.1212155545 2 [23, 1.6387677581932203] [135, 3.247020358774489]
1.96243091776 -0.116195594642 3 [23, 1.7493411265210614] [40, -0.6196031579201163] [135, 3.236521207261488]
2.02832882118 0.250255608275 4 [23, 1.855451798498215] [40, -0.6506185523794705] [108, 0.5455321888454024] [135, 3.2271635129599887]
2.07907576534 -0.637514285284 4 [23, 1.9548436364654473] [40, -0.6840190728812472] [108, 0.5736896380599291] [135, 3.2185885101484932]
1.97926827967 -0.856414148647 4 [23, 2.047642941420985] [40, -0.7215818522800856] [108, 0.6033395436843593] [135, 3.213193490062491]
1.9371283695 -0.568014146076 4 [23, 2.1319944306275076] [40, -0.7621705189793095] [108, 0.6362726210341679] [135, 3.207889307167705]
1.97724372002 0.341893848884 4 [23, 2.208536037902292] [40, -0.8067957505496856] [108, 0.672146985953595] [135, 3.2036680735060554]
2.01756028939 -0.201591376338 4 [23, 2.276743368017614] [40, -0.8550842855093211] [108, 0.7121182847293438] [135, 3.1993019164762964]
2.02759214368 0.476637237489 4 [23, 2.3370662357899867] [40, -0.9073308600734356] [108, 0.7566836553382513] [135, 3.194731445790801]
1.92990737052 -0.734033382362 5 [23, 2.392667564749298] [28, -0.22134886505071505] [40, 5.31742488197976] [108, 0.8041641245230343] [135, 3.1924369878314436]
2.0276519062 1.22305901379 5 [23, 2.441774050764181] [28, -0.23287604227651415] [40, 5.254494896739614] [108, 0.8571538393871297] [135, 3.189725174917586]
2.00751691766 0.572867409715 5 [23, 2.486166535784054] [28, -0.2460612111048881] [40, 5.186128094551435] [108, 0.9151222107123004] [135, 3.1876727852665057]
2.04748437077 -0.208339922229 4 [23, 2.52524988229391] [28, -0.2599091983166112] [40, 5.113186625558997] [108, 0.9795152160195116]
2.07894427111 -0.22570866958 4 [23, 2.559485671599297] [28, -0.2743692569680031] [40, 5.0358378579154905] [108, 1.0506009037887503]
1.98539914074 -0.376199927916 4 [23, 2.5926423679829087] [28, -0.2936164686693491] [40, 4.952925203523132] [108, 1.1258493088502282]
1.99222386301 -0.0700930104429 4 [23, 2.6218262683660365] [28, -0.31423487943967654] [40, 4.867067028267388] [108, 1.2078556649946814]
2.02086027302 1.196674261 4 [23, 2.6489095971608876] [28, -0.3386976065309063] [40, 4.778842462890772] [108, 1.295024153119741]
1.97899994367 1.3435483467 4 [23, 2.6725454633895103] [28, -0.36512467414976857] [40, 4.68976857842572] [108, 1.3874080735790262]
2.03951622484 0.776367442508 3 [28, -0.3933431737664185] [40, 4.600689142261849] [108, 1.4831159920664132]
1.97919162689 1.09081834232 3 [28, -0.4341561702279533] [40, 4.514290873895627] [108, 1.5797639907609584]
2.07643854335 0.0035816903654 3 [28, -0.4795732283165786] [40, 4.430630888146555] [108, 1.676913664063811]
2.01999443048 -0.15504008993 3 [28, -0.528723860280864] [40, 4.349485909721546] [108, 1.7712920344749037]
2.00367553345 0.98379277236 3 [28, -0.5923295073684497] [40, 4.273553182063385] [108, 1.8624259038237452]
2.04820470057 0.224763274036 3 [28, -0.6540936864842632] [40, 4.1978977376227835] [108, 1.9431526058039714]
0.116979437476 -0.0969187894948 3 [28, -0.6540936864842632] [40, 4.1978977376227835] [108, 1.9431526058039714]
-0.0645889563114 58.2860517687 3 [28, -5.937278993658305] [40, -1.0852875695512587] [108, -3.3400327013700704]
0.0443830089765 56.8969292654 3 [28, -4.955996971617527] [40, -0.10400554751048041] [108, -2.358750679329292]
1.9960995331 -0.487238796095 3 [28, -4.812223440953266] [40, -0.11288987544561913] [108, -2.4178329439424084]
1.97636539346 -0.0421734413194 3 [28, -4.664207811245629] [40, -0.12354721217261311] [108, -2.4698724774176046]
2.03600068814 -0.658071122611 3 [28, -4.5182258577120935] [40, -0.13630766139553607] [108, -2.515923256347776]
2.0898245823 0.0630396338183 3 [28, -4.380084642742046] [40, -0.1520023781292732] [108, -2.55674829578488]
2.04200029876 0.0403418248821 3 [28, -4.253857590769072] [40, -0.17174955322604468] [108, -2.5930700886550975]
1.95326039166 0.295273346608 3 [28, -4.141574872804533] [40, -0.19715614474640297] [108, -2.6255666790040193]
2.05532627583 -0.878053869209 3 [28, -4.043366443924233] [40, -0.23125347620395242] [108, -2.6547063153453054]
2.00926252521 0.243814573839 3 [28, -3.9582909533393376] [40, -0.279241960490074] [108, -2.6809381503484597]
2.03397521008 0.408580721056 3 [28, -3.8848768436967265] [40, -0.35127621381035024] [108, -2.7046428799908298]
1.93643227546 0.918713457679 3 [28, -3.821596109796685] [40, -0.46922751286055675] [108, -2.726193231503809]
1.94545321889 0.141333063081 2 [28, -3.766842803724961] [40, -0.6880782915660957]
2.01154819857 -0.269203766632 3 [28, -3.7192660621026157] [40, -1.1387379726231286] [147, 0.6458323902226901]
1.9656755751 0.165834072885 3 [28, -3.677714638179834] [40, -1.85571732847289] [147, 0.6775736844264104]
2.03730859149 -0.103867337114 3 [28, -3.6412949296893373] [40, -2.3786661405264677] [147, 0.7120736252815059]
1.97023953901 -0.736900178607 3 [28, -3.6091382052004013] [40, -2.634031460625363] [147, 0.7495608989560347]
1.98420282419 -0.256117153642 3 [28, -3.5805898285252136] [40, -2.767672092386178] [147, 0.7903239798509842]
2.07262185168 0.277917533799 3 [28, -3.5551109363494033] [40, -2.8471050920258882] [147, 0.834660646285414]
1.99184879067 -0.912148769015 3 [28, -3.5323150269767387] [40, -2.899304318991939] [147, 0.8829131050499024]
2.00572961513 -0.319663227105 3 [28, -3.511771488102492] [40, -2.935932196833399] [147, 0.935311942151495]
1.97955101236 -0.0522294375457 3 [28, -3.493174725750806] [40, -2.9629686483299436] [147, 0.9920931593356528]
1.98834783911 0.921153173164 2 [40, -2.98383438662091] [147, -5.229723164337582]
1.93032231245 -0.43126139871 3 [4, -0.11323293967458792] [40, -3.0003221335687407] [147, -5.163757831558499]
1.99204737994 -0.943512752764 4 [4, -0.11952040791219165] [40, -3.0136634633137818] [147, -5.093292725634065] [167, 0.510895109396766]
1.95951387797 0.112405878361 4 [4, -0.12655393518347413] [40, -3.0246695358390894] [147, -5.018614457389481] [167, 0.5364762903415405]
2.05148729861 -0.174460881691 4 [4, -0.134400238864111] [40, -3.0339869291819572] [147, -4.940208365026518] [167, 0.5645117200370482]
2.03332000005 -0.0653656467666 4 [4, -0.14329219978845664] [40, -3.0419042118205692] [147, -4.858846738254424] [167, 0.595258618199729]
2.00427662359 -0.374738856206 4 [4, -0.15344748959698595] [40, -3.0487093294660697] [147, -4.7754780359534585] [167, 0.6290661251695093]
2.06168776392 0.895085567369 4 [4, -0.16514799650898748] [40, -3.054616472306772] [147, -4.691206484124901] [167, 0.6663287547798653]
2.06868304835 -0.118459396265 4 [4, -0.17867118516817548] [40, -3.0598588328876586] [147, -4.607220168448897] [167, 0.7075468888695537]
1.99254061127 0.0402599368243 5 [4, -0.19459342007402114] [21, -5.066085987145179] [40, -3.064483748418678] [147, -4.524679669820506] [167, 0.7531487982538936]
2.01914871249 0.0922959855431 6 [4, -0.21359557798693452] [21, -5.01822103387862] [40, -3.0685909902851907] [128, 1.0336269709535566] [147, -4.44462333110964] [167, 0.8036551792979676]
1.89947494119 0.321653398573 6 [4, -0.23651343656938284] [21, -4.9688471891399075] [40, -3.072320530195256] [128, -5.204667543893675] [147, -4.367935450766358] [167, 0.8596646812173505]
2.02531463007 -0.515880923385 5 [4, -0.26483590177413685] [21, -4.918162924678537] [128, -5.157512370306439] [147, -4.295224690523498] [167, 0.9216391165897733]
2.01671187925 -0.169606064326 5 [4, -0.3006458852556628] [21, -4.86638237599603] [128, -5.108139731623245] [147, -4.226889396586262] [167, 0.9900342615734159]
1.98377819324 -0.209509500078 5 [4, -0.34719926861708306] [21, -4.81375218723135] [128, -5.056643813532376] [147, -4.163120338687355] [167, -5.218019830376999]
2.05501561081 0.1488587497 5 [4, -0.4096170852596721] [21, -4.760542499738713] [128, -5.003151878301832] [147, -4.1039842850985835] [167, -5.136027819575984]
2.02413720554 0.816378311617 5 [4, -0.49716904031605225] [21, -4.70705549141123] [128, -4.9478933176613245] [147, -4.049326266100562] [167, -5.047505603439871]
2.00008914998 -0.469550215309 5 [4, -0.6261460622550485] [21, -4.653592844851495] [128, -4.891128444532937] [147, -3.99894299355956] [167, -4.953174303448664]
1.93357188998 -0.841677419694 5 [4, -0.8254813890453656] [21, -4.600455379203586] [128, -4.833170146683733] [147, -3.9525752651030017] [167, -4.854255250862165]
1.93447066057 -0.620054098039 5 [4, -1.1364240319290682] [21, -4.547943527616839] [128, -4.77437150796522] [147, -3.9099864663723003] [167, -4.752433123395618]
1.98537728372 0.107140473286 5 [4, -1.5655502972457631] [21, -4.496322946983881] [128, -4.715136431385134] [147, -3.8708267104268206] [167, -4.649760050965172]
1.94317301234 0.0408578487959 5 [4, -1.996089757987039] [21, -4.445835240700652] [128, -4.6558739019047675] [147, -3.8348013807022627] [167, -4.548361537621138]
1.9845426827 0.216224144541 5 [4, -2.309333138439017] [21, -4.396688714406578] [128, -4.596993989324574] [147, -3.801628816655209] [167, -4.4502100703807255]
2.03922670533 -0.132069232846 4 [4, -2.5102766191885606] [21, -4.349077353720685] [128, -4.538903547085429] [167, -4.356954951476482]
2.05204199829 0.0788160307416 3 [4, -2.6402027591689228] [128, -4.481961217972933] [167, -4.269695499626988]
1.98457771257 0.0033296857519 3 [4, -2.728316324515235] [128, -4.426486199267681] [167, -4.1890559636599125]
2.02843700663 0.273824726566 3 [4, -2.7912672813845663] [128, -4.372769449120531] [167, -4.11529167912752]
1.96244683618 0.127162942097 3 [4, -2.8380318025252858] [128, -4.321004682494863] [167, -4.048216889111551]
1.98009402898 -0.164574045856 3 [4, -2.8739810064987656] [128, -4.271345878379972] [167, -3.9874799397518266]
1.99854329779 -0.35012566982 3 [4, -2.9023971942282794] [128, -4.223893663101549] [167, -3.9326057350144294]
1.94323196605 0.146380170175 3 [4, -2.9255024360526454] [128, -4.178734235113792] [167, -3.8831316224746573]
1.94583149621 -0.855639894204 2 [4, -2.9445482202692292] [167, -3.838454056071124]
2.06212396101 0.0816957546112 2 [4, -2.9604995934898137] [167, -3.7980579271864405]
1.98478776114 0.574016128573 2 [4, -2.974040968680528] [167, -3.761466409159575]
2.00591055835 0.252002676039 2 [4, -2.9857628166399297] [167, -3.728310648783354]
1.87736499903 -0.287023773124 2 [4, -2.9959319291853514] [167, -3.698139591955023]
2.10615095386 -0.521750307927 2 [4, -3.004831402738079] [167, -3.6706125987704885]
1.99095399022 -0.385681239767 1 [4, -3.012757684893626]
1.99672871197 0.973313434057 1 [4, -3.0197962549411037]
1.97622435554 0.272746706129 1 [4, -3.0260844190988045]
1.89869061344 0.891902573741 0
1.97817356831 -0.419665251216 1 [97, -5.056519518722211]
1.99409487419 0.289022814984 1 [97, -5.008468430633557]
2.01983378069 -0.587900263674 1 [97, -4.958966499403333]
1.95858207797 0.309352365638 1 [97, -4.908196636881432]
2.02844724961 0.968890213691 1 [97, -4.85636618610111]
1.9662759008 0.119277634222 1 [97, -4.803742916967896]
1.98143426877 -0.571252601299 1 [97, -4.750601807368269]
1.93702316212 0.771052674303 1 [97, -4.697234727250903]
1.9618490512 0.0999474853072 1 [97, -4.643946159065739]
1.93135184968 -0.109034057321 1 [97, -4.59103585519006]
1.98564208279 -0.166606942818 1 [97, -4.538787970520329]
1.93710506382 0.379038645825 1 [97, -4.48748219280165]
2.03471175781 1.27563385305 1 [97, -4.437342964833842]
2.0439971472 -0.14404325425 1 [97, -4.388570311102158]
2.03298941974 -1.0093126572 0
2.00340834994 0.635036035703 0
1.89621959802 1.00613441139 0
1.98647142737 0.0675499646696 1 [127, 0.9584007004035806]
1.97988477342 -0.310677305163 1 [127, 1.0012533761986635]
1.91702552019 0.725275523996 1 [127, -5.236550617813083]
1.95529038691 0.070530981917 1 [127, -5.188662993208913]
2.04477781455 -0.0531197123769 1 [127, -5.138289501787527]
2.09877344461 -0.122339413612 1 [127, -5.085469375000739]
1.96038436623 0.203803982432 2 [127, -5.030376350006722] [182, -0.2585167058692228]
1.92268697461 -0.331127378782 2 [127, -4.973210839471544] [182, -0.2726097016825735]
1.95283259527 -0.877633534139 2 [127, -4.914241875779159] [182, -0.28829664302318836]
2.03106925007 -0.274078737818 2 [127, -4.853790850284626] [182, -0.30575659727028004]
2.00070186062 -0.527130904818 2 [127, -4.7922781898371305] [182, -0.32540803901840043]
2.08272811306 -0.0751194898126 3 [127, -4.730144932725565] [182, -0.34766668674352896] [193, -0.06387875727511894]
1.93067000912 -0.056054637297 3 [127, -4.667859745116954] [182, -0.3730540807631524] [193, -0.06750335882439984]
1.99257542134 1.36771326995 3 [127, -4.605908774838775] [182, -0.40211023496738996] [193, -0.07147919892930155]
1.94619341686 -0.633081331159 3 [127, -4.544754259305321] [182, -0.4357838196077797] [193, -0.07597187817957529]
2.01826468661 0.741354998002 3 [127, -4.484821275830785] [182, -0.4751610353066136] [193, -0.08108316048917619]
2.03682942312 -0.0900703877564 3 [127, -4.426511741355953] [182, -0.5215047114115618] [193, -0.08682563225529893]
2.02286837705 0.475396339199 4 [127, -4.3701186517614365] [159, -0.4717604787778793] [182, -0.576778678383107] [193, -0.09346741298337591]
2.00621062214 -0.123527924471 4 [127, -4.315883905688865] [159, -0.4961878966228328] [182, -0.6433616631009675] [193, -0.10122788257546578]
1.95897486631 0.045495699507 4 [127, -4.26398115837347] [159, -0.5230505390229689] [182, -0.7242809836068487] [193, -0.11040353775021838]
2.08580592018 0.0774672713049 4 [127, -4.214564871948255] [159, -0.5525951227675083] [182, -0.823039265994062] [193, -0.12123777290406235]
1.90996509557 0.792952129473 4 [127, -4.167647676453328] [159, -0.5852873309967412] [182, -0.9438360774643799] [193, -0.134445876997348]
1.91573323137 0.337688892422 4 [127, -4.123231608828155] [159, -0.6215703432960265] [182, -1.0900317674455557] [193, -0.1508769723975707]
1.98556259224 1.31891621763 4 [127, -4.081279443620098] [159, -0.6619504456396941] [182, -1.2621679684862421] [193, -0.17183458247428707]
1.94564489002 -0.857829921344 3 [159, -0.7069005970965261] [182, -1.4550472651862054] [193, -0.1991461025616097]
2.06603155087 0.0170154775303 3 [159, -0.7571488764090226] [182, -1.6567678919151079] [193, -0.23660312091120161]
2.08275714802 0.211221847271 3 [159, -0.8133775646608825] [182, -1.8516528365928697] [193, -0.2908730197601175]
2.02829141606 -0.429174161473 3 [159, -0.8762854210574877] [182, -2.026865946892658] [193, -0.3757220944643711]
2.05537959004 0.0926047508619 4 [7, -0.8856255410632388] [159, -0.9464334584199543] [182, -2.176553123179568] [193, -0.5228953559872949]
1.91065650107 -0.0622097851857 4 [7, -0.926080168338073] [159, -1.0244564836884056] [182, -2.300558009440666] [193, -0.8185438878932754]
2.01711320272 -1.31050138805 4 [7, -0.9691592785626693] [159, -1.110626771847345] [182, -2.4020095250509024] [193, -1.4327798470573994]
2.01698662793 0.216318012087 4 [7, -1.014891859177781] [159, -1.2047220549910813] [182, -2.4851088630677323] [193, -2.151291657687854]
1.96853327473 -0.293484529869 4 [7, -1.0633859076918215] [159, -1.306101892497022] [182, -2.5534160631240934] [193, -2.537496851894485]
2.01183982018 0.356861965367 4 [7, -1.1146452083639273] [159, -1.4133291547914357] [182, -2.6100465695687474] [193, -2.7215909270347836]
2.02316076417 0.650753077243 4 [7, -1.168615368103655] [159, -1.524274837803088] [182, -2.6574591362089848] [193, -2.8224132821524237]
2.02309043862 -0.381851834054 4 [7, -1.225132747333328] [159, -1.6363222744314085] [182, -2.6977038576109615] [193, -2.885150787570125]
1.99404765435 -0.395175039057 4 [7, -1.2840464765997939] [159, -1.7467157165640383] [182, -2.7320719957560913] [193, -2.927447565124351]
1.87161812552 -0.0924062167161 5 [7, -1.3450727627212613] [55, -0.13457011289092247] [159, -1.8529020687597653] [182, -2.7616875236222054] [193, -2.957759680909125]
1.9868103911 0.135778147857 6 [7, -1.4078442886079348] [55, -0.14188296465321404] [143, -0.08089911105072378] [159, -1.9528836605084736] [182, -2.787421227947737] [193, -2.980483174647571]
1.97250412059 -0.32443236912 6 [7, -1.4719051869815756] [55, -0.14993274291150094] [143, -0.08527072933874003] [159, -2.045461754704482] [182, -2.810076658425719] [193, -2.9983326695865147]
1.99385737918 0.227036643336 6 [7, -1.5367800246930137] [55, -0.1589659833264223] [143, -0.0901630715983055] [159, -2.1299651911013124] [182, -2.830055025373181] [193, -3.012560256225753]
1.98743840804 0.403336358542 6 [7, -1.6019254110047916] [55, -0.16916656745253267] [143, -0.09566911406711043] [159, -2.20634199081003] [182, -2.84778466326439] [193, -3.0241474229430625]
1.98684154575 -0.425017323325 6 [7, -1.6667970556854348] [55, -0.18063103634421118] [143, -0.10177700558985059] [159, -2.2750426837054953] [182, -2.8637178041088] [193, -3.033921488744803]
1.95556175484 -0.427684629618 6 [7, -1.7308558193616594] [55, -0.1937715833576723] [143, -0.10874380839530673] [159, -2.3365275949571545] [182, -2.878016525575623] [193, -3.042144245476309]
1.99458252608 -0.466313460374 5 [7, -1.7935980756164631] [55, -0.20896928582315955] [143, -0.11675502885173561] [159, -2.391469204890306] [193, -3.0491472778798245]
2.00229093358 -0.474294384373 5 [7, -1.8545816394984236] [55, -0.2267275703783298] [143, -0.126053168833705] [159, -2.440566440030247] [193, -3.0551739846463737]
1.92741313622 -0.389477026103 5 [7, -1.9134842307768056] [55, -0.24753653588397384] [143, -0.13678499021328694] [159, -2.48460762249408] [193, -3.0605390809650954]
1.98576985136 -0.22044651151 6 [7, -1.9699918417681457] [55, -0.27248044038987373] [143, -0.14953296595340593] [159, -2.524096822645087] [184, -0.70750938882603] [193, -3.0652359406633782]
1.96644896731 0.555533500694 6 [7, -2.0239035425540153] [55, -0.30286391744609364] [143, -0.16490109447195778] [159, -2.559591981141625] [184, -0.7424478878871685] [193, -3.06937555609177]
2.03617610361 0.226519424934 6 [7, -2.0750967919624785] [55, -0.3405772190427596] [143, -0.18375757590857056] [159, -2.5915860177041745] [184, -0.7802745028781723] [193, -3.07304552840523]
2.05162427384 0.460620515391 6 [7, -2.1235818739632526] [55, -0.38815656754050565] [143, -0.20712390450722395] [159, -2.6206149115317374] [184, -0.8211485647504295] [193, -3.076425325510791]
1.99448558689 0.257466627388 5 [7, -2.1693058189166483] [55, -0.4501649930773608] [143, -0.23719882824774885] [159, -2.6469415425200684] [184, -0.8654010391356923]
2.03915444841 0.596264044407 5 [7, -2.2123174323274553] [55, -0.5334889153171769] [143, -0.2772176267660438] [159, -2.670889342756742] [184, -0.9132659337797797]
1.93696250888 -0.948824700166 4 [7, -2.252771845431156] [55, -0.6488657562858924] [143, -0.3323684375995146] [184, -0.9648667329098215]
1.97758513175 -0.152146703192 3 [55, -0.8142114827407765] [143, -0.4133839982091603] [184, -1.0204502883079112]
2.05890925053 0.00827606270609 3 [55, -1.0529419558071673] [143, -0.5414452805393761] [184, -1.080103095445156]
2.04557518851 -0.209790957589 3 [55, -1.3772196322188228] [143, -0.7623517020868666] [184, -1.1438077562210358]
2.04951178214 -0.271299803045 3 [55, -1.745952890741807] [143, -1.1611872565182857] [184, -1.2113521046429012]
1.94116009334 -0.809995485625 3 [55, -2.0732624696759854] [143, -1.7468477751183356] [184, -1.2825024759533195]
1.99585927078 0.716582918367 4 [29, -0.4012103378328975] [55, -2.3152632985611197] [143, -2.238341889016323] [184, -1.3567706597231894]
2.00938970847 -0.0124254389864 4 [29, -0.4219879200311416] [55, -2.4829525856536026] [143, -2.5200635305909436] [184, -1.43348818085284]
1.97473021288 -0.417766175607 4 [29, -0.44477863701078135] [55, -2.6002281716367195] [143, -2.678732113103546] [184, -1.5118169353708732]
2.08646226678 -0.946561334466 4 [29, -0.4700038706697036] [55, -2.6844968489073135] [143, -2.775644539730936] [184, -1.5908564288902145]
1.95061686474 1.75619205949 5 [29, -0.49803089354101804] [55, -2.7471118259798715] [143, -2.839794856125078] [177, -0.1939755291334766] [184, -1.6696150830700955]
2.01536000994 -0.672844021609 5 [29, -0.5292936845730445] [55, -2.7950875991162762] [143, -2.8850006843074736] [177, -0.20439114787955237] [184, -1.7471216720443183]
1.96433405816 -0.810076139292 5 [29, -0.5641591881007137] [55, -2.8331003779353128] [143, -2.918735967093012] [177, -0.2158501942088531] [184, -1.8225427187206482]
2.00713365561 1.09972180323 5 [29, -0.6033644705515631] [55, -2.863690381420748] [143, -2.944605163821945] [177, -0.2286750436488223] [184, -1.8951160834993863]
1.93807014979 -0.693000963574 5 [29, -0.6476156565220714] [55, -2.8887751572909313] [143, -2.9650215097196235] [177, -0.24311268157989563] [184, -1.964272622013738]
1.9708407481 -1.0086687575 5 [29, -0.6975657910699784] [55, -2.909889656801557] [143, -2.9817547506395705] [177, -0.2593048639983415] [184, -2.02970641799448]
2.02116817198 -0.421419058795 5 [29, -0.7542943643838447] [55, -2.9277288996783675] [143, -2.9955303609153128] [177, -0.27778459611964834] [184, -2.0911348958620484]
2.05080758947 0.482708026379 5 [29, -0.8188143294022101] [55, -2.9429782468175545] [143, -3.007049160111493] [177, -0.29904597224710816] [184, -2.148483909657578]
2.03929155877 0.221336264151 5 [29, -0.8921667963829574] [55, -2.9561462701690226] [143, -3.016807487960673] [177, -0.32372972558086754] [184, -2.20179682626057]
2.06969608508 0.7633878264 5 [29, -0.9751458646653051] [55, -2.967786489124699] [143, -3.025352251589729] [177, -0.35245188381928827] [184, -2.251308214770488]
1.97633952725 0.17916356069 5 [29, -1.0686124466594862] [55, -2.9780087757992226] [143, -3.0327448187952677] [177, -0.38652650275563083] [184, -2.2971077526392913]
2.02483365682 0.193947692611 5 [29, -1.1727035675512916] [55, -2.987047109646638] [143, -3.039193002696485] [177, -0.4274721896596718] [184, -2.339418116700291]
1.99326053673 0.85824945831 5 [29, -1.2866731565854406] [55, -2.9950868194379683] [143, -3.0448573565810504] [177, -0.4773794127943489] [184, -2.378480575734379]
1.955919056 -0.0211862130775 5 [29, -1.4085660570487981] [55, -3.002418339140148] [143, -3.0500165005926205] [177, -0.5388372486217063] [184, -2.414652211620544]
2.09369479742 -0.014548914894 4 [29, -1.5354405925024772] [143, -3.054604381888994] [177, -0.6161826191247988] [184, -2.4480641604709716]
2.00954536778 -0.0953440900917 2 [29, -1.6633626315800032] [177, -0.7150263429499706]
1.94886519246 0.0122733204886 2 [29, -1.7882817359173453] [177, -0.8423247784031265]
2.01591452885 -0.204216952931 2 [29, -1.9066235806160128] [177, -1.0066652041843023]
1.94646960265 0.27554387569 2 [29, -2.0158715145511517] [177, -1.2133587684496456]
1.98260323625 -0.262365618971 2 [29, -2.11472150830097] [177, -1.4566774576990644]
2.03586138689 0.630937856141 3 [17, -5.184102687831646] [29, -2.2030937643295654] [177, -1.713632490707695]
1.89014351274 0.276002315793 3 [17, -5.138374973504314] [29, -2.2812699367981293] [177, -1.9529714319671099]
1.9325189683 -0.824555716475 3 [17, -5.090672188358232] [29, -2.350093742233961] [177, -2.1538722250832536]
1.91194651015 -0.0608365302447 3 [17, -5.041087329961781] [29, -2.4105825789372632] [177, -2.3126779086831015]
1.99324940032 0.191198507201 3 [17, -4.989708516633677] [29, -2.463975845635918] [177, -2.435910514216211]
2.02623729957 -0.232866776026 3 [17, -4.936782019162374] [29, -2.5110408403483966] [177, -2.53138206208996]
1.96838013526 0.0465981172916 3 [17, -4.882537375048039] [29, -2.552648973798229] [177, -2.6062084332400492]
2.01680341097 0.024012545191 3 [17, -4.827223696532468] [29, -2.589751640957245] [177, -2.6661210337933845]
1.92862275023 -0.62814340303 4 [17, -4.771189720984689] [29, -2.6228018986457133] [83, 0.3967855275422236] [177, -2.7146084155440193]
1.95885598563 0.375319236471 4 [17, -4.714769032366244] [29, -2.6523560191153] [83, 0.4169822380049464] [177, -2.7544506153943837]
2.0382041653 -0.695867287376 4 [17, -4.65830908344438] [29, -2.6788856540261565] [83, 0.43917597642783246] [177, -2.7876465831626094]
2.01314292831 -0.201694916107 4 [17, -4.602179476698306] [29, -2.702962897214114] [83, 0.46384489666685] [177, -2.8159248569959434]
1.93397120538 0.161076289607 4 [17, -4.546717528793389] [29, -2.724742652137815] [83, 0.49117255985323993] [177, -2.840054393851743]
2.0062926322 0.367004744841 3 [17, -4.492235227330813] [83, 0.5215754857616073] [177, -2.8608456642050384]
1.94623392506 -0.28574376954 3 [17, -4.4390105666335185] [83, 0.5555490522496278] [177, -2.8789159722895556]
2.0540287441 -0.972119288228 3 [17, -4.3873438769778055] [83, 0.5939085478142276] [177, -2.894968304186723]
1.95468277656 0.143014826968 3 [17, -4.337381757672092] [83, 0.6371429807091147] [177, -2.9091294417584024]
1.95870140565 -0.207302305688 3 [17, -4.289268511440455] [83, 0.6860670722693536] [177, -2.921698177053566]
1.99380002148 -0.118418967999 4 [17, -4.243192667366373] [83, 0.741873657425705] [144, -0.40556817384215194] [177, -2.9331154744744476]
2.05383037313 0.418035698282 3 [83, 0.8053653715006783] [144, -0.426887499683108] [177, -2.9433587270086394]
1.96000029625 0.514529465159 2 [83, 0.8776465404099882] [144, -0.4504516300059791]
2.03638973935 0.698283037965 2 [83, 0.9597847560751109] [144, -0.47659386130882186]
2.04998940691 0.1818783141 3 [83, -5.230316987955557] [144, -0.50547959689714] [179, 0.18398633072524895]
2.00239991881 0.117483139596 3 [83, -5.126224990475115] [144, -0.5377794566546097] [179, 0.19360314849960947]
2.07162450207 0.179725311195 3 [83, -5.011647823742033] [144, -0.5740406789211381] [179, 0.20421875554894253]
1.87939323418 -0.650820110253 4 [34, -0.043703277900467796] [83, -4.888279418618771] [144, -0.6149064441354328] [179, 0.21600388762297573]
1.99007677825 -1.11524607255 4 [34, -0.046271963542414696] [83, -4.759067485840709] [144, -0.6608472083283692] [179, 0.22944692993784255]
2.01437511555 0.231580036517 4 [34, -0.049216880824552334] [83, -4.628184599153332] [144, -0.7129834745651031] [179, 0.24457845071378692]
1.92526615607 -1.02501563795 4 [34, -0.05261157906308167] [83, -4.499954273858996] [144, -0.7722824762587726] [179, 0.2617447655678946]
1.99653934303 0.447905775027 5 [34, -0.05623635909386948] [83, -4.378387511164869] [144, -0.8394809878981526] [169, -1.2503248749191247] [179, 0.28174446174257817]
1.90923936906 0.162557556376 5 [34, -0.060471897666479535] [83, -4.266120769562103] [144, -0.9159203552908046] [169, -1.2987329161347434] [179, 0.3048699963935402]
1.9876295178 -0.243381077266 5 [34, -0.06546282998587927] [83, -4.16454795620151] [144, -1.0025075239341241] [169, -1.3484822780232095] [179, 0.33191167903853813]
2.03687051742 -0.558029330686 5 [34, -0.07140193440256137] [83, -4.073954459526364] [144, -1.0997804389449435] [169, -1.3993631287102524] [179, 0.36393890357224024]
1.98288452779 0.617795163103 6 [34, -0.07809098495211142] [82, 0.1626812515728382] [83, -3.9941907541049644] [144, -1.2073828125674826] [169, -1.4511010162922782] [179, 0.4029447544958682]
1.88291675597 0.501778524547 6 [34, -0.08625385772652816] [82, 0.17130609713407274] [83, -3.924034177118158] [144, -1.3245017458009776] [169, -1.5034818950607725] [179, 0.4505929710919814]
1.9418233663 -0.164224979397 6 [34, -0.09638418724269382] [82, 0.18082503466895528] [83, -3.862387457202835] [144, -1.4488084785319058] [169, -1.5562143745911432] [179, 0.5098769830733243]
2.00528153263 0.183376504522 6 [34, -0.10806333270047919] [82, 0.19195420614601932] [83, -3.808745029527456] [144, -1.576831917019184] [169, -1.6090144140078366] [179, 0.5863491821005535]
1.92121612375 0.126825466454 6 [34, -0.1224695185506075] [82, 0.20475976367869198] [83, -3.7618096016421543] [144, -1.7048037615451102] [169, -1.661633998736018] [179, 0.686023161092491]
1.99447837344 -0.0905276116353 6 [34, -0.14342287112047014] [82, 0.21855084471491537] [83, -3.719720619844545] [144, -1.828378060394651] [169, -1.7137075452696653] [179, 0.815492782926845]
2.02003166377 -0.565569217188 6 [34, -0.17094567851052833] [82, 0.23494831868391675] [83, -3.682878066342758] [144, -1.9446626708389445] [169, -1.7650712184065713] [179, 0.9878855624287448]
1.93549871254 -0.735330893943 8 [34, -0.214581839135759] [82, 0.2529887974368723] [83, -3.6494304948229397] [109, -4.762219433688209] [144, -2.050734730288728] [148, 0.43511968283153823] [169, -1.8152903369270974] [179, -5.074625247066821]
2.0299962246 1.67382843874 8 [34, -0.28101451798314514] [82, 0.27530090246595584] [83, -3.620300129263094] [109, -4.712066288819811] [144, -2.146965664231967] [148, 0.4576930600410236] [169, -1.8644567295660601] [179, -4.8089809558012035]
1.95672189384 0.11993776481 7 [34, -0.407144162666639] [82, 0.30154113704627594] [83, -3.594074697550327] [109, -4.661943627982068] [144, -2.2325706454019016] [148, 0.4824293876419343] [179, -4.530223543471956]
2.00137360063 0.328019563613 6 [34, -0.7188109903803994] [82, 0.33175382479037285] [83, -3.5698080724484242] [144, -2.3074071574278197] [148, 0.5090707364038858] [179, -4.276188919899594]
1.99914855739 -0.900737209893 6 [34, -1.583932055131049] [82, 0.370287008391486] [83, -3.5485875524334967] [144, -2.3742091702095305] [148, 0.5394101055395684] [179, -4.071484730457994]
1.99817409829 0.10077968341 5 [34, -2.4359416598979102] [82, 0.41652476171308805] [144, -2.4321781836934626] [148, 0.5723879558654472] [179, -3.9130714815456944]
2.01215461174 0.346713292031 5 [34, -2.739001140293127] [82, 0.4764567156357584] [144, -2.4838127233839673] [148, 0.6097234067231634] [179, -3.7944592066308873]
1.94512996686 0.0790962048841 5 [34, -2.861738434101636] [82, 0.5521887489980815] [144, -2.528569304074358] [148, 0.6506636821273419] [179, -3.70230711789646]
1.99228303421 -0.263676374382 5 [34, -2.931169951822042] [82, 0.6559106736178739] [144, -2.569222410030159] [148, 0.6976745063112055] [179, -3.6327716310618987]
1.97107967549 -0.113786562202 5 [34, -2.971107164578033] [82, 0.7944019811210827] [144, -2.604568887334044] [148, 0.7496296732999097] [179, -3.5762344601933735]
2.02802628028 -0.484945274447 5 [34, -2.999878272274684] [82, 0.9865038485327142] [144, -2.6367228414332775] [148, 0.8088551743531438] [179, -3.531719175597636]
2.03585467196 0.739051637352 5 [34, -3.020310924619664] [82, -5.0416900743835615] [144, -2.6654575866262338] [148, 0.8754136859097006] [179, -3.4950363822272594]
2.01021633661 0.658260309897 5 [34, -3.034709720305358] [82, -4.735244707993201] [144, -2.6909217758083877] [148, 0.9497563159077638] [179, -3.463800774253889]
1.98908640959 0.0910462068955 5 [34, -3.0472871192334985] [82, -4.424710078714759] [144, -2.7145263817243417] [148, 1.0336741799931195] [179, -3.4383783450322656]
1.98573227214 -0.298540835789 5 [34, -3.055651567035237] [82, -4.159875377173231] [144, -2.7351380692097593] [148, -5.157276298802991] [179, -3.415390429180928]
2.02533524644 -0.359508333359 4 [34, -3.0644920531204667] [82, -3.961770996603355] [148, -5.055090659750391] [179, -3.3970401957379988]
1.95204843371 -0.215063156745 4 [34, -3.0703471533976625] [82, -3.8148195077378317] [148, -4.945708534683154] [179, -3.3798658558898493]
1.97902765058 0.0666358687898 4 [34, -3.0763834127562673] [82, -3.7089367929586405] [148, -4.829975694200989] [179, -3.3656224243836896]
1.93027351657 0.240224417148 4 [34, -3.080124121269051] [82, -3.627080934960034] [148, -4.711222887722417] [179, -3.351852257915869]
2.01898930659 -0.330572524177 5 [15, 0.6599402042174596] [34, -3.0850729518053956] [82, -3.567216729703375] [148, -4.5925114370467] [179, -3.3409715219311664]
2.01012364168 -0.107915748658 5 [15, 0.6919882018065522] [34, -3.0880599581590342] [82, -3.5178420531082155] [148, -4.476845825002923] [179, -3.3300984432539424]
1.93082814684 0.365017181624 5 [15, 0.727456933837356] [34, -3.091670740482404] [82, -3.479796773463981] [148, -4.367652908004104] [179, -3.3211113975562547]
1.93022223163 1.78214387213 4 [15, 0.7658217795030753] [34, -3.0947202057120298] [82, -3.4483935618066672] [148, -4.266420681404893]
1.96570635858 -0.129082366269 4 [15, 0.806954291704935] [34, -3.096789250303321] [82, -3.421199845207443] [148, -4.173544596189803]
1.96472638564 -0.451289760715 3 [15, 0.8524514900022266] [82, -3.3997521843509255] [148, -4.090884495614606]
1.97698988215 -0.387070033234 3 [15, 0.9006448529450486] [82, -3.379384375337147] [148, -4.015516220984949]
2.07027543409 -0.0406380892745 3 [15, 0.9538045839974378] [82, -3.363231228901933] [148, -3.9495970181829514]
1.86769745399 1.15100384071 3 [15, 1.011685846791127] [82, -3.3499206925100258] [148, -3.891836604269298]
2.00376013995 -0.207610598817 3 [15, -5.21044118225783] [82, -3.336206328803714] [148, -3.838683100359342]
2.06083910935 0.150543292351 3 [15, -5.144041640287538] [82, -3.3255323779260344] [148, -3.7928314225628847]
2.03156832783 -0.264936043714 3 [15, -5.073967186905483] [82, -3.314971382023841] [148, -3.7509138979403396]
2.00246975123 -0.47236457106 3 [15, -4.999179132170381] [82, -3.3070813715175227] [148, -3.7150917962704213]
1.99499607981 -0.988699300252 2 [15, -4.922000708836653] [148, -3.6806032287276955]
2.05063873188 -0.112245025895 2 [15, -4.84148010334053] [148, -3.6513402898545544]
1.98866533665 0.100868546996 2 [15, -4.759520140110787] [148, -3.6235489113139825]
1.97874346138 0.433334775689 2 [15, -4.676865395260167] [148, -3.60053998721601]
2.00793080926 -0.323115465316 3 [15, -4.594434690908089] [148, -3.5763259270795906] [151, 1.0097807933166756]
2.10711357027 0.26661978321 2 [15, -4.513914819464915] [151, -5.228915214300709]
1.92908625777 -0.320866728671 2 [15, -4.437200239425705] [151, -5.181193743278834]
2.01397892237 -0.570741422717 2 [15, -4.361096517393319] [151, -5.13418698810965]
1.97118290065 0.308456213615 2 [15, -4.292099041588654] [151, -5.082207181839441]
1.93612313104 -1.00459245979 2 [15, -4.218821503375828] [151, -5.03587511174965]
0.121952747857 0.56929242775 2 [15, -4.218821503375828] [151, -5.03587511174965]